5VewRxTVbhkPjuP7BG6TbrePmTpWiTirDqMdymWvAi8Q
9JUbw9Snx4iiz3S3Whr8ZnMdBBTaMCzyQVzPdF5fbZrG
7oHgUHpLC2drUVEu5arNHxBcRhdgL9rmycqDMzEBVPcF
4tTzysC5ndchWWzBx87PYLuFMsUuhN2SrCTm4eeCz1g2
9jWimgepRhZwF5rdy7PGyBMUwVD7rzYiZSfEJeZwz9FF
8wdEJ3xQqqfs1sfToLUmhKdccR5s5PVKXgVMHEdqDsmk
D4fmxyYqJvFePmcq7fmqgA4S5VdixuMuYz1X42rPeFwm
J6X9XFGxtieHycmxihRQAP5o4bj2QfRNCCD2tDSuQeSa
4pzzHRVMiwAUxzeszE14dvGgFSrAiTFtTFCp4TyH4KQ1
uY7pqvmL16BVYufYoDKq2Z8rTW3qLmD6N54Xix5dQqK
2ZU3XNVgJRuNi8h8ybqNyHEwXkEzMpjCknWiaLMNQgWW
6wF25Ums4b9twnnaTUgswt8UaMLZspwqCuWC4r7vW8bt
EGAmwZX5QjmoSxa1gJ2PFUifTTLDgKmuBVoTLv1BkSdx
8i22fwSRmLyzKwhDKpQiDc5xTaiadoT3VmmefDLrXceA
EPTCv2Z1dVYpwpSpe6GrkYrx9Nn9xXVFQTSuaaPZ1XnS
5kKsFeQt9xmXhXsRjy7sZTBsRnN7oUCCQ9HaNeTUCCb
8NsBcL6FytCPKVuzX7WkC8dyiwerNP2JkeQs74VudNqi
G4Aca3EDiqHptKMUgSpo3rZLFMFvTPrroPCRP9PWRPrw
4kfK7UXXbCGVTex1SWkNteeYHmRAmVW7juskLBtDM4Wf
DBUnjmUJyVK6GuFoDrvwRL6sxUJ9ftBG2rHPpfRRzxEo
CUo6AQy5AXwZBr4S2ZJCUrFWjZYwmiZURmj2wE53jxB6
4mzC2AWAKkaJqUBp9h2P8AoWctJsKWCNNMuTZdxUFYWJ
DxgTG3GsHWxxiL2mAUXQAv8QJa4GBfXjEmJDjukkQtJt
2mJ65RjwjHke4nQ7Q3Vf8qsGqtprrvGcMGdh6Gi7zA1G
HXhTLWUrQyhnqvdToYg71E6hh7UYmj6gq8p76AwNGSF1
WZGQLExsonfUCsTsgh3ZEV6xmgUsmJNWXt2u4ssDmRG
BTKUwCoPHhi9mGm7pPmu4zSCCqN3oMcVQNWGLFEFsn4H
2kk5Bs7uwbLG5HjXt7WSjVzFNq3EbaJZ58zec6wZ1rNL
DeNLLD2AZdicygZVG2ft14TMtwofevxW3cCTbxqicHh8
DUVM6iEiwzSSu1pTuk5SaG2EDdqBJRUys9f9xbUGVN2Q
FcY5yNimfu6by9BJqZ6GwJ6AAMPbrErGCeUHzrnuS5KS
2w3Fi2eSd5VRYuSqkW8qCSfEBVfqeTjNAwiinfc1WUaq
3yp98Qq7UgzgqjvouNxQuCTYEHmVp9fq2tyEvR3Yby3W
5kXHyiptEpk9BqqpNTmbN7vkCoycD9Z1YJKyqar5Dx1V
A3eAv8HoCP1cybqRksdRpyZ6ZQsmYTC2U9ZNdTM2Qunk
7YcGeHrUatbqmvSrw4GvAWUnYSwJiq9LHGi35hykbX6u
5PMtnkQim1yrrJcsZy6SfNqMveVM9G3HyzRtNEswezug
2FZXT1Bm3xk5jb2Yp6aApFwYXc2oisXmvbS2qqC6aces
H4b3rFjWYCD4N7mfi29ahBds9vEXuxQm5hfBuLq3WLU7
6XnNRMbPrt5K3hU5Djn2mA5ZZ3VZ3RApctRCL7fKxFds
2YKzcDGkQDkYun6pWu1kq6j4YnsLC3K4UTjHGZUqrhLX
5AGBDg4nr3998Yc2CMKzp8J8hLM878A3GxAsQvNuWf7w
CfG4vXCPpGUSwrz386yeiaHFXwqQdYYwHLbNWmizjyoz
BKYCCRGEHSouxtwLEtny2X7XvxYgovmNWuoaRdK9bTPr
9kc6xJieeMqYBA21uaG3i5MP8JNBKSdhdHp1NRLA1WUp
HQEdPXnJmvqtBE9i4Y6n2PuuiX8t2fwPZJFzswVkHJT2
AV4PPNWBhvw9EM6we7Yt2iYProT7aS9Y52Yu2EgaLCN3
4MWooEnGqkofRaW5H85H2N1jo4fX4BxRfpacnscF1cyB
Fdn4yWt6CraFGMWzAJqcaF25SsLNVdwcHcfgNgdyBZUU
EV9Lgp31MEyrYXPGdHPhquQSpy3RtFs17BvRn5ZLrFGb
31qkqQESQkv3QSQCEA88ML7YeLE7roKer5nbXwwaxubK
DyBE1xJdgi12imgexv3oGimXgYK9NUYmSrkwykqcJyPQ
14nhkHmrct6AicADoEVC1m1NVFTVdfX72Hy89Ze1uLwh
A6Ky4xRZS8G4Dio1Xbn9jMuB6GKirhf6aqe9hQFErKX6
44TU2Kbvc9HDSVs84i9JV4YD2Vjifw2Dn7s2CqZ88NMG
F3ukUosSQRYwbckqjbfHxckF9oWwewi2Lvbb67ENy5DF
8dZGuPbvR65g3L6v52HvG4bzaBntddcHNXBKDou8rEXH
2gsVuanwZFJx8yUtu4GffgV29qfrtLikV9BzvXAmUK44
YUa3gGW59r3cyMzkzKap7J1GXKvAjMZdQ5Yd4qRzCBc
6tMmTC6GvAc2nZPxHA1FnGzJvrVuZPziAWT4yURNSNdq
GPnkS6smHZYWhE94exeZ5dhMECo2D71huE8tfjNWgHPb
JAnAQx45hqLrT9ZcaVJMpPK75Mve6tas4CnMGo952EC3
D6o8XrScgEdvkrNUDUAQLZ2a1hH6CyjnD6RM8zUsKkjz
4TtsGXjACygdUZ6MSnUV8GR3nJXH8hA1D6WZc1xJjh6J
DoMPxJrzBugrWKytunhpqETaV6RgqsyArkU1jAdCk4fu
2gCd2nb4b2DdHMA5e9KE71nVo3x8Zyab2nZSugfvc8zU
AfxrTDBTHjcyR7nt4QuAKH6afw4dZWuBS3x8EJ9BYkWC
B1HFViu3gAhsAbgFABNaj1jNCRZYdNjPFPoV7h5JnaDT
3mbZhxcP4eJXzv4gn2EtoT4W8Z2MgaTgsT9Kd3vXj8nR
Czn4HjFmAMdTo8Z15p7UrfxgoyiZg7EvZroFQ8bgKEk6
389WVtb3tZvDBEBwgK3FpeLwZ6EorASira5UZ6s4JEoV
H24VsHEBRf9Z2KVa9BhcN3DXYREWfwY9r9wndQD1FdnW
DX88wiAf3TxcX9xhWZbkTfYYbeDDw7S3fGvGPR3fMVnE
3zgRUZFdsHfDs58DMWkEmGXaKiWzh4ypiewgo4w6qkio
3yRgrmuZP2zNQVrBCJ99qXnhKsCq6grZyqWsy3S9wBVu
DqugfpdcoRbPYaiGu5s3ZEQYmPGg5D8Nm2Axe6tcxWNV
EGWkms34SY7CfHEpsY8wNGVb4BVCrhfC6exUAr5NF1iA
DMBNSiBriSq8HFM8sjWRTkgDo2bqs4vXWQopdWTfYgT2
2xCsa1KvaaZfJ8M2Qy7ErDc8sqbB5Sd9UGp93S5JNdLM
Ac7KUkSDsEwz8sXCiUnsiT8xKSUkd1Jf1seu4UT55MRD
4GwGwARukGR4Cz72cfXsa2Py6moBqjpTEobhNabdEhTh
FVQHMTEPqkGMu2b88rjZtjTafvjLHXji6CA45FV8kdvM
65m9yZHyVB2zHQUQB3MWVdfMotXnzz2FDRFDqkwMrkit
AUZn81U1rLatVq5RS2YQEuXsCr8zZrL42rx9j1KjW472
AFawrS1nkX9nV3efW87UbEwAnEuBk9Yj3W17cigezMbD
Av4EnmPyTs7iCgy7C4QMut7wMx4wJiD7qV8cv6ho8xeF
4Q96LrUy7yAuu8y1UqrXnANNKYkvP9taLzbHzNRP85gg
CRx4xSYHfYqCKzAqMDq8wtJhPCW238TNkUngMLiBHLBe
8WVrZJYYfDEgVUF39TbLjaAfpvtHAV3jEKN1zUmziqxj
251bWjDfP1gaUsBoBFr2jN22Ue9nwaKzRRTnDE5zaQWf
94RgJ91QPQtp4NXU3rCigmWGCJK6pBCY6yC9Aw5bKXCg
9SBFjoechG6jei9JackGEvZfrKJ6gB4zsX93t9ALj4Yy
2u56R68rKAX6T8gbPwGycy5zMG1eypcwoawMh1hKsotp
BD9FSgydnVkT7MfHHFwdtkeqvbPrRAMRjK75Pjkiq8e6
ydh2y8NeALDqiwx8bMrZa3pTmCewAiGii9NDaEwB7mL
9uSzGX3fcadGkELc6PRbphW5bYjtg7iwM3Z1qm2zmJcQ
5E7xJo3vwE8r4gxSiQLWk7mKWwFxMjbZW4gvH6PiQjwb
41nVm6wLnKCjHGWkzbuVkyFPrtnEdPV7Xwu3MADLP3vK
9D5wATV68GMMZrQ48NqwzidVAfAHCAH2LiuwFF7B1gwe
6QJoEhEr7mkARnNvERcM1nj3xaG2fCUJHdsTtNVXia8n
JABoSHDHY1GpbcrPTmbkHPAVLVyiJGM4Ln9EJ7Qx2e9Q
D3MwL141rWuBFxxFhJZn4ibEsy5zKFiRS85KWTPk7bfM
ASymV57eogrDDjitPwPmecdtBnhNHbKV9aLBFmUj7LTF
ss3Lwdt5rLaE5NudBeS1pasPH8zE3g18RKoSw4W7BjL
EvjjcJhFNLDP3m2P7Yt1yGj8AePN9cMaHXktFz6vAdoz
6wYMCp5wmyXj43721NeDjyaeK7bCDftNVRK38MC2bUHn
26AUPPh3hsnJ2nidcNZmVtM5xsmaWBsPEkbwk63hhdnf
5naJHLw46wjUn1W8XeewWEuq5MmoQvYASP1tFTVj2GCZ
BKJSEJ1aNvCzcQYUNJjRyuxPf56zSoa9WX9uURm1Cbjw
6YGCQhgdgeahQ875B2PTbjRxKr2jDhKa2kaoDLxcGjhm
CQx3se2u3mj2WxDvV3niwwjksR8sZ9jFehYS97vAWEhh
8Assb7H2S6RSSFFY2NqZ51fHe3j2VGRKMhxyziP6yA2X
AKmDVXCHC9zqbUrWaZvQ7DwSxw1CQ3E3YkpaziQ4XPFQ
HgRDJ4pETSM3GZSKccL9yg42Qt5ppHx4MMouNsmQP7ru
6xN4DX4Z32XiRs1n97GwtQPCSGPVFtXXviWuJZ4pcca
4ZWzdAXMBNRMTqG3XcSZEM17b4tUvR19n2vYFv5WRYtg
3EkqPxy3fYDAmA4r2NN1ALxrSsU3kQk6gcxyCS6tEUnJ
C6sz6jFK2ogk2mAf3GT4aC1x1ob8J3Se83gLQ56cP9Mh
GZkUKUDvCBieUykvyw4Avk9mmdUfaidyr5mZeDbftgzL
9YUVHL4beTBcS1unmsdRxMraH8uMkYiNDyhmyDdPqBF5
BGHeSqSzRzaHgETK39gFgJBKEPRqk2Kj5VdYevPHe7kb
4VgbzkhmFUn53CLMRVHabw9uaRdd5PNaV3zurJaaWMrQ
Dp9PhXpcKQCqXtpFSk6DvordLvYkpsPrP84B9sVtQpnc
EEM3G1umVKeBAJgoqXBPJoHjAP24Zo2E1pamoC4HcpM1
FfozR5ZtnhXn6oaad7PJnFh3qhAtLGmJQXdYahCXnuyY
DowQPQB4s6C3fQMXVdpkU4EVMMPHvHQuEPTc1bQi5U1d
JADCDjbsRJKQeVsCAbESZTduKJJXMLdKXTj3KpC2Pywn
Bwz4qWz5TtyteisKWFGtDc7WnnbLcuVxP7xUHcceYoG2
G1Wfu9QHfdymi2bkjcqkLqdgRjceTnGN2FYXcWyFrTnd
4NCavpjf4BTRwdSPeNWYAz73mpLJkRqPXNzhxo5iE1Sy
B12u8idrUSL4cYBJQoymS2fgwBC9wZhtFcJhmUswTkrB
4kLfyCxSkZ2bp5NmST2v8ZvFb8NAV1aPkpqVW8xALZbW
2cexqEhntC7EH6BHvrPBeymQLosNmWMsN77kMj5fyDif
2ApyytoKuKowXQ2YkfMgZnsg5X3ZJZWXurKRfRohMWo4
Giwg43FtrkBAQNEfXZwM7sfVKBecpv3SrDkRNL3Lc6pG
zcne2e5fPVfyhmfifjkJrZNLPNCcsTtLVJTAwaxcnL2
CQwDEJzW4wHJqg7HDqvrSijJuiHKGBALsvYX34heHPAL
CAiaM89Q3B4ErtF3Z4wneciixnQNrxtLreyi2mdnzKr9
E2VhKHdNCAkDDrYkKcceTEkRd5QMngCTWmDaxd96MMx7
D3Emo9kGy764ZeftGPLNdY1wWHixgtzBqWrNYhtxuK4s
5cRbsbpxHpfUY14uyyWfm32sBtvdNtii6FG1EqUn6BJB
EdFCK6dNCzaqM9ttKVJ7ymjg7z6MkNrKYw8hYh1XxGLU
57QWxcB31XosGfvw5VYoes4iYzgNMLSyCFTw1GFRJS6u
5YZPbpzahBE7g4oD7Y3c8nJk5xNNN4xCesUAeQMgQmsV
CSXApeg11qvazBADUdtbs9RKutwvJcjFjGMAPx9YmLZU
kUbLzkXPmmTXaooDGWwYgVaaqURKKzEi8eZAVr1Bode
7Pd8U4tpgvcuZ2STdcygcsovnBHCQpcxgoVLTuJqAMEF
WnzYnoa7sBNva2GKMGku1feVn2sqhhR8fqv8VPxANR6
GwN2LsTFrCGuh5VUCe7GEZubPavr8geY1Vy59V4L9Man
AwsnVmsB4zyih6in6ZNadkc4Thh2ZN3j113UeQRrHC7t
GE3DbnbqD5FWTn4SJM6xbBBYzemSduJv7geQSdd9mdcY
4VeBW4v5gu5EAS3VACmwcsdChZtGi9bqu42HP8PVt9DB
3gLxrtXWVC1gUyJugzb6NsBaeUdGgv2eYK7yNP14o4dt
2vqLYYpbQrvjp6K3AFCwQjoLWaHYg2ygBCuJrMmVsn3Z
CyNFooT34JyqSFYaju9UgvDCodMjti7UwdsruvnFkt7R
6sXG61CKdFPiT63R63jZskKA8jHTPJHC2EJ738uYE1eX
9kFb9EzAKd6afFRdexG2Vrx8YFHDY4yGevqdi5X3oafQ
Ec8nPyHXs2Y3BR3vjP71946tUGqCPtzSBHgVG5Dx5uWj
B69rUUfRoo4nH5adHAwp9WYEVwhomnPXeY8PT5YYSjRr
2M9GXZuMGQxd8uddFsiKrfjHGX6XQMQQrcHQpH1bjA1d
79mBqLepFSq3fGzRn9fZLAzw8jBdbKCa3k4jk1smc6Pf
56ks9WuEjea9bCfcR6KWomjD5q33i5Zj2rEZzmhCKgi9
FPWcMc9SeLhwmnARAzT3SbTTyjoB9crxw5kkqkuvaBb9
5F5q48barN1JQzc1Zi9uoZAFrn9TieepAy7AWFpf3A6x
ECXer5naobGU8Ertdd4Wn7nVbV5HbeCxV2jLuixfsjY
9YodvR8prScbMxHExy3cZF3VHFVpjWc38xe4jcyANFT3
5hXtuL8GiftV55nWSS5ucDBtsHeQvJqknEaTBUfgwunq
GXZF9q95TQsFj4iZ7Et7fdteh27zRgJSASe1odbLamoo
9tqiK2Zp84djTW7ffJ3QexYHeae7qgGCdds8e3attjak
A4qUazCfdLAymJ6W7FimQg8iMLBi99uRG5eqb9CcDDpG
BDwLbR17P9PuSpUs1uvypTRLrRVjfjPsz6EvDWag8bJG
AWm6mrTnTW31tFPRCQpmHfR3WsVM91MUaeSzzfRh7kLJ
BpJpZNtDXJsBSSYXnX23ybGRkuia7wCSrbWg41rz2R8w
HcEXQ23A6tEyR58Behpc6bHLqD38SiPR96P6DGkt7zxP
FcjBNyGhGwwySQJwdarWZsTZjkUsamNuEcs6W56TfPLu
HQscgdyFoPqGhvU76wPNE3yJjm7QBy83EZNVr7tm7dVz
4xqfYXdsrUHf8xeavoA5NJCHZ92k7k6rWnuWA2MCbF6N
9KyajTErSTgNpnLQSX4ePhfyhc8qfM9qGQfHYTjeAUkh
8TThGZxWpeMjp3u2Mj1ZwCfVjv3C5z2Q1zbhTE2shPqV
3xoRasZm2R7J3X1DdLPqvVhBJ9zjJHexrKURuPbvYWXq
G6XssUScQKpxndPZ8MK7skSkT3mmVmVt4zAYfrJyPaGB
7XMbdBRbqcNxwhRdvcF4mgHh1fYnCPXB3BrwmDJTQMSx
9eFWr6BVWQYTXJLwcSmsbPycEbgjBE5yemRWq99JveBj
BKdWN1oW3Sp31UjcjtBX2jWGhkNs8qjDh3XeHeNvUxyJ
9ojGDtMYWtmvBjvbDW5A8B5a91U1dLYrZEAWc1YVBDbi
GttgjK9TV4s6ZU2FwzPx7YAXoYSWxRuWb5j4P5p1HjHA
5MdNznxq8a5R7CsEepVYrwgit2a6VJd28nNvTtU9tsaZ
H1N2m5dBuTarGeHH1GadzfyNoBerM9fRCvbYN5ZymRxX
ERhdrMDWaojpU5idFfG8cupJc1mqpPhaazGFAMXFpAU6
AYoJDADiShocAsvSHyMFEgWUybUK5gFFE9rJ9p8ECzwh
BfxJgXZTswduK3Kehh6f1Mpe9gDWwdnxHEhRaAW1Dos9
CDA1b5LTwFMMSkZZMuKWTqhKGvaUqfHJDy27utaK7VTf
ANMkGGieuPPfVCaiwscXwraJFrmnv2rFTbiwZfVKChJf
3EVnFc17TRP31Gxjejv2zqG6mrE8ZL3LPejYMgSUMACV
G5HEKA37rsfftVkcANgMokfecPxpp9VjEnAuGNMGG8jR
AV7j5xSzGPV1tL3bZY4GHMpsjGQjkdJPHriVha47PTuH
9hd2PRb5WzxU49Spv78VrED9z1HezvZWw8uP695DPoEG
YtEoYRfKMXQLzsD3FJv2skXuNC5B183Hnxypcu1ce9X
3va96SpNQaVs15pTRd4jymMmPTt7DBcu2fTf57ppm9aB
68Qg6veEPZT9sUAoWkAeiQLppkejqrBt5YPGEmKZNdWm
9DWkRF1j33tVbsDV8tesS87L1SYcq1JGKTmPwZQet9f7
A74iSBhfsPULHJhwEgNz63z7LyXAM4EC8Y6tjFfHKXpu
3muBz9xuV1b76z3t4Ur9Mnsos5jLFUHSkmNLRUQqfdno
HJ1yknrqWwDFSTzVnxTJHnHwsHhgFgKXJgEkKVhgys6G
B87NLgphzE8EuXaNSeN52z4FgkXU4aCQj87iM7hxPskR
FN4iT1LeijftEy2zWHD7LGRdpnYxk6p49CYFDHLmLnbY
HbceYfRVLKXSVwEPhdryPc81HvwwBnnBLCN7mBPW1NaC
HVA5ut6ucGxNWjGBZcLGRU7eMizr6iVvP9K56cZCUJ8r
FTYe6N2LwzbyctaNr4xd6oWc7RSFqMDkHvt788XKBrMB
FCLfwVP5EpRxPiRWQmwJ8aQSr8PfzGFumyvSv2N7kjTy
7txra5MCECHBWjbVJG1DmK7iFTm4c7dLJB5izjVB5rkJ
3Pt2aJKeqDD5gh52iNvqmJK5YEJruzvmg6nr28bcRdox
7rCfrbnd5bYu6hqM75pBN6AjuojVLxeCt8EfxXgD7iwY
3MSKumJxXEeisWKC4X2pRj5P52nnaJjzpULo9PSUiLXZ
A4iSeEYVff5dSwaQYLiJtwTipEXX4Ww95rpxxg2fSLD7
BMC1oKBmpu8Voif1bkxn7bsvbLk9PkDpF2iRRT3YFaUx
DqxbKG3vEPC9AsdLmpAhLehMLiAoSXmKTCY25gfgBTmp
8DUSEXQoCNZzXRJEF3c6rBz8TS8P9TZhaTmNzXU9qV5H
9hVP63PnUJHcEL9aq9yE1pTqG6x9M5Ea6CGqC2rvbzYb
E9gt8MovebHrpSRPjKvUa11sDjo93s4SLgU9QMJSZdZL
9nuNXWMgqrenMfFcHsSm6NMi65rrDXzW2veY9gxfYoc7
4QhtGES3DEVjCAGESLoksqzVnJD6faVxisx2UZ6z7aFQ
5RUuXH5wb9NQdC3ikrkZvhARTr1DmtDbp8LR3XtF9dKQ
udZ8uwR6ZUkPh1wWnn3jCX6M8yEHMevcRnMGEtYhJwP
7tg89geTrdoK9qqswGb6BWTi38ocGYkcvfxc6ysWoiqy
5yJGY3eBbXiUEcweFmgeNwVTC1fxHh9s1JnnHxGmFdeS
3XSQLWAmpkaSpocuwF9k2tb3zkWM1phWuophFEtXYFuD
Hc9zZyqgMDnKJPdB1SozUoBPdjwvnPht22S9GVqwBtaX
BsLNCW17oY724Tyz3K2Ud5MzXesdbtnihNcYVGwfSoxQ
Xhws2DHpiWrqb2u2fFkRV5vpzuo5rX9i6aKFsnBBd6A
9okgkdqE2B7VMRBumDhnKM28raCmhbE1R4U91dc8q9hy
DMc8yv61KztDghgbE8tFk8mefhBXTi428aeFd7aFXskM
6tnthiiNLY4QJqYJM6aSQwHYgP1LxHVnNEBLZPgdR6EL
BwYLqhfVg8kU3XHVarpeehGfiPHmj9Te6pfh3w2FkMkv
59qPJB3Gdcmb5mJT4nrzVgkWN167ZTiLp2gC99SR5MTE
H3pSVAZeHqn8ovseuFqdqHfxfgZn9ZfkK2SExP31QvqM
714amsnYbGFTWdHK3DJ5w1gdziFUKM9ivUbKBVr1EYfn
45DHcRSvjmmTLzSgfstr6ZW1BUXrz7nb4huTQW4tZtVG
2q85DotckvEi4rycgpifV5GAQQZZ1vKzU29EvMAMDSjG
9ueYYLiqrU1aZ89mgDGDjJY7NcK3nVtdtzSYDEyq56w
G8xqBsgJGRV9FPMk94DJLh8KRBLF7yiHJPw1r6Xuoiv
Fbm1cZ66Gz4127u9fBRpUcJb2fVNrqRbrjekpGugp4qj
BHr8AqJX6QG7vEQwPnZoaUAzVtDMVEckfraBLvxatmKf
BdeRzKMmees3efR6VKadSBSCFEWMiSoUKiYSxv9g5YVm
D4hHKioTPWSzJWc4q4SVLecpM6Hz5Ew4SWCjTMYZ9MD8
37wAJ6Zue6LiGiybnjCUUXij9DgVWZREzJtXJ3nsfbwQ
Er3XRM18faxJfBA2jG7FLRLTKz9yZC4AV3HEbQ3Yu99z
8CnozXxpQGXwfJj3c5i7gqBaThPJnc5RFr14bKLrptxT
3CBziizLpNcThJCSBvSznFnFuJ74vNbdH1im7A1k8Kfh
AbvUXyBa7jNNJ7osGDEbbcCwp1c5f1XwGmoibKC2C5w4
EimSSRFtyoVycmf36wZfUF2TPRztSFCAgf2SpTD5idzK
6Nc5Y7x7SLUbW6FfycF6EEGeXdNv6XF4gj7gKCPxrXyL
5Tgyg2ADp4MbfPJPadP5djcRhEnzFXpJQ3j7mWpvwnBH
Xs6z312Lk5HT5VUktMGFhoFtXLGy3BYX2xH8a3invB8
AjcsxsF8PdXhZww26kvYXfT7XDgNNWhXRs6u1PmExbtJ
4LVFPsACaByRe66jhRNqYabMYSBUnk3BjGBJC2M6CeWz
2dNRY1jSKzcnGJLNzAfNztfo8d4LS6fDpzvEo8AUGd3t
GnhsQqsbZShtg63GgBMDEbqToRgKo3u9GVcGraAJ3vVj
6yq6d4GszfqL5wEQy6rzTFkNvG5w7owifB3uKNhxjjMh
7PDd3x8ZWEtzWcRQzLYLBdfBX9NdK89eDmzfcghpfhzt
9PggKpkhgBWFUMYCjbRMHpL5z49asNxummHgMrg3mP9L
9SCaYji4BigfnJ61U8g6X1sJBtwtsc35428fNDmizCcz
J2whMqgDwXveNUeSvtX4PmB3GhMYTkNR3qZ55xegVGWD
HJtNnPyWNgjBpzxYJ9pAfKesmXDuSuuDccT6zot1TdyG
3yPw2Ba2jTw9hgEDRzoAD3BYbiM2mBcDK52VTs87EBPB
AQRZGZPDBrbZUauPQX8ZT8wG7JaHobuhgaioG8Yf8NSQ
41jrQtpiN6QaVhcyxYFxZwWdBSjHTMRKyH1jU3fZm3bF
6ibVeyAsK6brdzsazpnJ6e14w6WBZeXbQPKVys1hDj5B
HdckCvKgEivaRuZVT1ZJMR1UrxSgLLhbZWvmV4Xfy1EY
34NNbTUVKLKMUm7NyjG8PPq2bUtLjJpHSAwHjyKzvBbW
AjEkQSXiMcvbka9Nzj8jZM3tVTnBYXwHEHUVwXPxU1T1
6BcpeXrnUJjQpKxshebdZFXkKTGqdfkL8hi5fXiuC1RS
BU3LL2GS9i7QtPXpcBnWQo1SHWYcnYozBEiDcyBUWtmZ
7kvYTdvtu34FMp7XDqhzxaAeShkgHHsDjfF3GBDLrwRs
5ZJhuhM5qhE1SvAFRpAWz8gf2PYEtSGcAWDsEE4JgxML
4tmEKigh3bgKUoc64cgPBmAe5dLCNRty4Q48cSgjkakX
C3TDVpDXdiiN97WZ3LfngA3Xfz8sc5YdnTtLFBcYJPRC
6nFQv6Znaix1i5twCHxYbTcCgFsZYw8ETtdSPL3cWF4y
5b3HwdJ3VEvjBD9jrMfVnWaPYBhv53M6V21mnzyLpWsC
DHEvF94LuCJ3fFkrY1pFnNNjnfr7QcmVFG34htcEbvq6
4NsCDnXmgYLeL7ca52V9gspCWUbc3w9jVcz8VRTmYH5w
EUzTm49FfwHHceaRobdPrjtbir1gHp6TgzxRPJGn6oMu
AfFwnMSdZeKHywkVrxs2fRtcNE6KfnbPdjksmyHDUnWw
6NMPNwxSWdKa3wDhQQsfprTrRUcUQdwYCW2ZY1GPpUYH
27riX4VskSkWq3x1nSp2rCUu9Qnywg321GFuZq7U4Noz
D7fm56LEhG2eK8yoD7BD4vGgjaweZw3sgd8bWEronu4E
DPAE1MpDvWUh15sgJP8FeVcPEJRNBb2DkqCsezvGXNXH
GaUkZUnofx5zW8ca8xi5gwLgNsAid4eXnBPNUjj4DqF5
9kdFdCDeR4TzTRJoXiTtjKezoGdta28ggwuuNFCnX4YC
7C36bUQEX8FSHBBmPisp6e293muPyNHWtgvqeeHaNFew
7pD7G7vSvvpi2Jt8SjPnK8gde4zNMJM5mP6JEuFN3bQF
7vB26t1nz8eKPGXniMuwTV9G11YUPogwMquYrk74Tf7q
4opKw3HixPfiUcgKe41sMcyCnmYMb782L3LbWo1szt3z
6wA8px6rJsHrKjNs8Cf4SWX9sefZXHGSmueUfp3SPsz7
8eSCoxJwyYvZkrizcAtme2GnggDbE7QxQnYNLymz4sn4
1iCvgHmYQ2pqFfbuy1mBfVNc8u84CYw2XFGbJCmoKYU
JCZ7R5KjejnLLdZtuUFpMwrpH7yhUvb3GvGpKo4GKL8X
14tY1EjLwFw2ZvPsnRtX66crcDyVLEUtPbxeHd2983SG
FThcL4sqo8pUvPgm6Xp6XMB2S9HjGobTcFgU5rjJpcfQ
4dXZcpAyYYyxcCwXNQCbtWyayZszxCskXY8zeKPp3eBj
ARCRaNSa4CDkUnRNHLzJDfWhkzg1RYbKKvHpUwvv7G7y
GWRVvrpqUdjLNAvXaD1Mk8cbV5P3YSrXFLfKKdtgBZE4
CpDZM7qyk4H8emHmeApM4AZuEHra3ds449CXK8W2oumU
9s6P6TksD26o8PP4WsRuMwQ2TYbSG5CMWb7RNEyARcvA
EYq9SrMYztrC4yoY8Q9WiY66hmBGQGtNKjva7egTaH6K
2SSZjeujtSAHxE27GvswWgfdJ5uLyDfGYdgNkxnqKJTA
CvvqqBDcAYztgEtu5KTDgFETF6ULivZN7ZdQ5AFXLmKn
GeakjcCusfWkbz25MRDudvhCRkWs1tRf13gQJrfAmQhw
J3EKubqQx1c75utyLyechiu3HM2anVCsNgWZ32LvLrtW
FsVWiEzcuaMi1D78Wq7f21y7i6ycVm9oyqb8qiCafsrW
A2sPHATMYXqxr96d54zEf4XvQhguZWxt6TBb7suFjVhB
6kSN56T1jX5S74vn4qvKJt4PCg9LswBC26Dz9LEeRcQd
HwhmFYfooeUYtFbiAcr6VndQWJoZPYj7UB7vY217AFRm
BHwWq3usbA88RQJRp1t8HaeKEcHD26SXiyBk6qKYCYK4
9igqHK8fwaZw3SPfRuKasLDoWViQPMCEWTCEFEmNUgoE
8zazd8Lxdmn2KcHbBaU57m3sHf37tHb8oahcMWnCh9YY
GcYvpywHYEu78jykb3ong1SGjCVPdFaiXpk752nzg5sa
9T7ZmoRXZnP5Lxd64q1J2sKCUPfJvaG7Nh48ztZKJT8a
Gk8iaUPpWBmao1ed1SwpTfou978e3xrtFV7bi2MNvTxM
G4dWCffmoawAXhA6H5q2FYR4VBhMee7EkQechsVppoqj
uAKQKY44G4tKCgy8rRbDx43DW3hM4BxoStfNoCXw3oJ
BckrZUPnCcJN5FesnHyRgpgRypewe18LmywVivRsMsti
GMMt68euuatkZFHKy2dMFq5cn4fqEvEEZgpUPoHoseht
Hv2vMA9WawHFpd6BzfR9NzcE32V2FSjCAot7DdW3otwG
Es9VgRt4kFtSmUg47DaR3Xa8c4CCioSYN7oE7dnTVy3k
G7wdbDTPto8FfPs3wrgWcbH2LvTwm5Co9SR4GjMa9Bh7
2c8tpHBWWa1zAXGsFJkpCNPwv4dT4KS41oe2msgasQLw
3VkG4ZU7roep9Vn2qdGsMjwYckjVyUf2BR8tWjHaPS1v
AHxW6HJpyudQFecEfmwYhTTuJCQbWSe2i1XHHxNuHhgG
4k6VJs3t3zYeBLgWeNUvgd1ckExeUHeTS4B4MokBp6pK
DdWctpPTK9g6MbNaovRVi7JWX53NMeHU2vdr469wB1Qg
6Z6crat34g2uiY1p6iyPixdSf7L9UoRiTco4dqbuJUiR
2Q4cpyqfvWR9fQqvdSDjoyP9uH2kkT8kJvyzu49cddQa
3BASrRY5oMHaeCd49ApdHySyuEJkS2RP3tDH5SDUQR6P
CKexGjqEdVhwDHQKs2Ci6R7Spj17SYgREyGwnceiC6uu
A2iJdwDHkm2niWyYbn3ZLpnUkwrC6UpdJEegEw2KCn1w
EhGFVCGnbtQgXzZcNcJrKFGC56QKLg2Nqe1Dbk2uUYSk
9pyn1UQ6P5NXRh9qfEGU95PpTDMhoLdqbq1oEAa5Y8F2
CtbtVoEu7BeaN9HMUygwcoEHCxAfEpTRCfwikkbWLdnS
AHQnxZNvZgHBaagEzPUXf6xv8dePnoq3XNYCdY4DY9Pf
4aQEDNQFTQNK3e4FgWvK8kPRX6ko4bsjCiL2F6izQhwm
2VPTfzvcikQtWq3TmZS2MpavxXwPNUVKpD3gt2eBcWcH
E1cB5B9v6h5piQr1NW8y2SBT5MX32S5ZV9bY3KZTH95P
HrdfFZnnfovJrqG7iu47AUq2AYsDUpJQozuUtsCU1zkD
8DF1JHQbVrg9CR8QNzKWeBtSQWiCHtugSpYekzr1VibP
CuoQT9Lp2UsYJsBQmEP548TZPnRLRrox7Lg3gt9TAvgA
8Qjo9CgzAgxsn4J1mWDd3qPJ1453j9qfQ7HnF2UmkTTC
C4h7nU1bQGxLUNPYC9snTe3yuExvXQN14KoyhzrkoMkC
FqugW5jxhtQwsHj5k9m7GHkyKrqC8FUt438BCrmCE6gL
3ubEPP4HoTGuaJgMMM6FsiXnULuNb7xkGSHN8JWCgxsW
9VoWYNHAwhrRnsNnNrGRP6yJtSx41gBKno8nQcHchBho
7AHqherjUQwTUkExmaYxpVeogwE8GfqiUDrvxz8Bn396
Dk3bEB71DYhv2Kmta5oTusTKYq6SkSygEdoMPbX29hCH
6G36TxD4uyxz86cvS98R5GkHar3uT2TRLdKy8qc5vArq
3C5qtnaw6de7FxHJdyGm9HY9QfnsNaKHrbLyDjBEdn3Y
GrQcL67nHyUB2J6Y2up1yxX1quk4duk5oLvkG19P9sYV
G4PWM7WMBmbZJx3577rdD1wTWkhuZgsZb3qZU4kTkZZn
7BJoFWmNoSJRF2bqyjZk4xj5hsGLyAdt3vTcf4nNcwZ6
A4G4JcZUzahPtGc4TNXuutQPgBPqf6m69rnPvgPTYpKG
3bEsErNQREiPrz2DfBWtegBdZzUYx9y6shTdXN9Az8tW
FU4xy6F7ZPgi7hVrKwzjX3f2kL2ztNpB1qU6qDefM4mh
9e8KwGyFxgVHFXwbfrv733dhsQR3THsZcMMEWJnoz8sY
4nBJPsCEkPz9w6HbCzCXkJTZkEh16oPLKAycveVkju9B
4KoM8KVcNuErS53t7NRCg45WBLuJAHmT1foJNDuYiTzs
DHJ6fhkFncc3fmZVwbxsxaW5HaqKEFnoiaxjj8m94gFT
HdnCyjerpk9hj98ozoRLUVeFVQup6hXrSSP2WGjv572A
Aqmd8CFznoJEVidSyWBRXtsDGh6tMR6JtuhV2zg5dkho
HJHCxbosdgfhSScWq3duZ6MAA9s313fynbQaQSq3Gio6
GSE2rcge1CVa1XFP3AzDvhFtaPQF7i4tDwC9NgopyNtU
yJ6fW9q7LA4YWmRTaiopnAjEq2LXJW7dZAFxks1FYLM
2F5HutP2n6AuoDupQUuusLXSPFovJVRzSEYcqsHi15hA
Cn8SdEGVPySwZv2q3Ngo4kR42Gmr98yYA3HShbgXK2r8
AbrYxNqeUgsEkYKJzUeun2sguSn345iA68SninG25L6C
7aNg6GF71RvTAhqbxhPd9N7tdBgN83AjZtZkgRPYkYQg
7HWuZSCricnDG5GNfFrFv84G8W8ae9XoCqzMRw1CqwfQ
Rr8n4jYdRWeWfNbk9o5g6CrxVusEJxMeeGZnmxvQFvX
4tUpUKRWHawGjNsWQVYkNomhndHm6UwEMWqJhhsb43Gs
C6J2XAhsoSV9wqtxsNzSFkoqKZdw4FWAjtSciDb2TMWV
ETorBcciR1CLFZ6sQ4wT9v51BfxwH5PnWP2Snjg3MHto
Hj81DeXj5Nvyhng5YvytCKAF1MB3QWbswa6XQ1KB4W53
7h8s9SxaTYrEAhZeafZeFcdZ2kXitDqLWt4VZHFjt76W
2TSPBfkdHDAvpLHWnLoEZnr7nUx3DtzpgX1RdMkv8ppT
GKDDXdzpisiqvhgAVFz2TFxHqxtijzg7mLmMHGouLAVo
GeYuKeuwr9RQTnjvzpa42FCzeGN6yNiNdsWBx2X6j7xy
4QzVMdX4GCCe3B72fT54GY9GymeV7rYazEYB7u1MB8JW
6YzaPXDjcE56CVviWr5qu2DV3Bbo2QJUboSUTKSi6wB3
7PmqKMq1GGWwh5fmXmc3AxWQHoZ5fBbKsnKqxTokgU1E
8wboH6pGcc62Uu3ZJMF5ADryNmRw51aWJKjjs9wKEcqx
Avb9JmPMH48AdZQGfqfNHaUp9u6PToEqNcA5KAzrE7fm
HJ6zizcWen66kRu9mAfyTaNZRcezpaLDev6NnnMad8tB
2mHsA53dajLYzafckiE2B3JfVeKpDPHd5zEt7witqL4a
E6JJVSdA861jqREsvpdBjkZoT8KfXdpHnTYyxt5DQPn2
3ecjb4sZh1LFe9f9jJbPphfgh9DQRkKmnDRz6oNrVqKQ
2F51b9uoVMkzin1v64wbzzzNVBV3SbUrPiQYZGf2Ahbj
9paHpyYwgJ2ZfR6xBHg4frXUC2dXjHmwmMUEUie5EF85
EA6MBJ2zasx8VQiCouJAhTaU7dNkZ2PzJDRxGhixrnTM
2UZvjk5vbwdJUF5wkJeddrguxywxoKCo2MLY7D7x86Cn
9XnWf7G7LFozxJCjrDn5xrpZ793hS28NJf6YZiaDMz12
2TA3VmJBEtQRok5yVZqYw4W7e131WK5eXSR9B2TV2UhS
BXowwkkdc4FYqFk9pUKJw4WkMKeLoLBtoW9FBHnUJpsX
6KK3uZhUmVXqJX7voPuDrUbcPNHTo7HSMaYcyLft4DU5
FxiRotC4rVN8k4SpkZtisrhLB1bucgvB1gnYCP2yLJCt
2edct3pm2Zf7tZ1fgLNZMbdbBRgvQBpbTp1YyaRTH5Tk
43U7FaexNtBAT31zbzbaPGWM8A4U3eGY6R41xEeYCP1K
24eisL79Pg19kuYihdixk2BNq32snevxmXvfxxS94KxP
6msnJNToH2gFJkAonZEVr3Tuy1i3txUBRScgZ1Ue1MJ6
TqZeQxtjSv5YWpPLW6iKyri2HEQ2G6uxmfmJ3FMYEzJ
Hm1mqFadYwuFP6APadVmkMBwc4go1t3MwoBEe71FzW5B
7veHenjEq8vsdSoPDsoLveAe3hGy3qgiv5BEVFnspLqt
GVoT8ykZgCoCfxPsc8JvEEP9MM7wbNvMcp1kEpSqZnGT
4bUCtckKR55vdUtcsKfsJ2escatgHv36qW1mVM2X8fSk
DeoEuNuwxZKgGnD7aDf1K7pjtoptkEV6r4YrJgvEiKYg
5bemMuSk6h2KHzJgGdaGMAUcVZoixc2CZ3vrvQ2rcM9y
rFqVdUJrm55yTnLBCuBw9rqDnyWZrj7YuRYNo7692AH
ApJnCf8Fy6fdF1XJkMALnAuaoBTbnUPhLFUJTpuKJZJV
4bG7tYeaJQ72AvD8KhADp56N6JMvGZ8KDz9KYpwT284n
6BKxMRir576B5f2j8aWp4JYXfGyLS7c78mMAC6Q4cAfh
cPchnCSeTgNHgGmWTb4g8hZLz2Esc9UDGxeJ3ytqvVc
G4JfuD4jXuKGLAtnWHtVZJutm4UjHWRDWzVxzcTAW5cN
5rZWt2HzFqH4eqHSKFLEhj9UkMgZg9H1LznHP9xJiFnA
21jpizhdCao7zDb2uRdgJJJG2LkwVzHyeqAmjkS33YgW
5hQ9NdozMymRTXRXssjoYXZZVJrB7kdfo5AsCWXCSv9F
2yAt6j2Fug2rC5YkfySj9FWUfkapo74uYHM6K3uhKc4m
GgQaLeRN6TqaqV5aXm56HuKxDmAwNcyKaNHEk1MEAhZ5
J9xWzDFcgaysg965cDW3Vp3rZedZXiipzXhPANXLVfmZ
Aa6EjHgx8kxoUADvPeCtDBkW3A9Y2d9bhqegX69D2pf
CnBUUpAabr7pEcJzgNuWKvKGTG4JkVXzy6mTV9wFgtjc
8vTQa5U2ujLEQBNVNiM1K1Wc1Mip5hbpJBSHeQ4PyyzY
7XHyxzzAZNn7GH9m8xPyo9mRgztt7HtjAup62j8z716x
BaZd8ZUba39mvHJBnadAZbDzZqoaRxNd2iKxmq2PsT8q
DRvvfzzaUaADhgTuAcha5SagBNFx3mhBLiahmEEFyKko
HdbWf6KhBzso2bid5kxTctuEecD4xVkFEKgciVSykXw5
3sUdHpdHYAjFa4hMqTMrXJ5HBDsL7QFkDTLQc6TJTRoB
91w7J5tWm3DpugvBMQVgC1GNcuK9LX3KhTNXL9F297Qb
145BxeSHmHMS5w3ECkVcbsqpYNnh1MsdEEa2eTFd9uyb
DKf77DmC8Qf4f4ViH9d3BtVoZNnRJG8fsTA5JWE4Pw9j
GqJkqxbxByGDsNbw8Wy7Lbed5hc8j89ZDGUR3vAZt8q7
4rwzuEAJH2Ro4HZLgayjRzptgAbxvgaPVKwfpAW4btAG
FBAaR87CKvfRMJUSSRg5VaQyJkQ3Eyi3kgn88U1jxzLG
3JpAn1odk66avNqLvdxRbTYVy5jwSgR6uX8Tz1B5Dz2G
9LFVonuMsvhzLVFmh3TiLrjM9yZeDp6L4kqPtTz6MFGd
EpfKkaq1iSbhLMaYbs9uuoPmCAsCYAdkoGGXiCX5WwWd
GxDQB8Av7D2Xqw8qeXwQ3ftjKgzQe4Gp31mh66gmNQKm
7JyBkhW5RxiNgRo4psU4xfbQuiHmEbqff4b6vAwRHQTQ
o8qHNQxjhWdhFHLWQVUz59vQ1J9pxLfJsgVr1Wp4PXc
7BMbd7A5GP9FT4uT3GUqYbugNh9cQHrHg6XxoubJLxKu
DtujWZx2tDk6N4Ma2b3HxmYHfcDrmCJABUzPNhY52EmW
E98tih8mhcT2Uj4hcR9rrDL2Be4TnTBDdppqTmEDSCuL
AiA19ijn3fc8e2bRRHx3qpDi1DhGXebDCtq6kbjX9rdm
99Saz9DpX1xXapzvyVaN2HPqskfebpNe2PuCEpH654id
A72f7ut47RQqNr5R83qofKiVkC1qJEE1eWXtRbAuHa4n
47mE3Zkrwd5eFtXDkFY5cLMGDR88C6LM1RSkyYGEeCUU
Hx5itW17SAkJZLfcLBBkhDyx2kvfmPE9azpXoThVG53x
FVX2LX21G6c6iTfWnZ3RpnYZRpdD2Yw37uyuTtV12BMB
3L4XRVGx41sDCjtXZhKhaw55LW2XL9edWtue77RPrwT4
C5wRxFg9qea7mVj78pBZ7pALCyHaB4EFBMkfcpPVWoxz
CCxEfKon2vHy6SxMTDkDDbEgU3viJGQtpGCFMXhB82Sw
ECy6RRfHRfHjLVRCokQWWArBJYpQHia1gE7JMXeR5mnA
8KD1Agw2dJ65H6PXxpmejsxBnrGWzZcs73H85c72SFnS
DfHCxEb9mTvaVesXh7JYRSEdmWFL2sit5Rr6NkEdj9xJ
7V6pZgwkKq6SjwcjtEHrk5RJQxBG549RzRZqtMweHXia
BmbWYZsW7aJ7xCUbchzfPf6ZPtv8BS75gMCqtoSw9rG
DR8Z9DtLcTQ6pYNjHZcDwaieCPxnoZsHYA2vuMxFqh5M
6QLG5785XjotYaLQCzAnVcCTLncZT7MuesvoukGyhy8p
8L6iasM3uK2LkB5vabuzpmVqRDzWSamLEQFfD1XWXm1E
CwZqm5nVSvGTs3o6edbGERQFXJoP6qak1ueVoTPEG3UQ
6Cp8SnhvzpRgoucpe8gMK7aUWtTg4wpNGgfNkQDBU9zk
4zuhdNgc8qq7r8pqZUkSTunaWkZ1PAnTWaXZc3UsZ4LM
ExANiyrxhNsMknhijx4y779zhB4fLbx7bPj2Bp1btxr8
3fgCC4TRXjrJDrse8vvy9axLmN9FgtmBpFZSD36rVoWt
5npqyyZ48y6VVpbZhnqo7VHNUaNTM8okTSGz9q2wpF65
J2spVeHA2BTJLWpLTzpNvWZjrn4FzfKhVBLcsLWEkhj7
EfoXKjzA8m7tU6oWWR6eaEn1HUrMRoFEBb19TwwTPB6d
AEUTUmCgZjGhpSrVvacqQJvGN23JUsSmnkZzSR1tTapG
42p9YeNXAnwLPtHnA7gkxHpdwXUcD3ZmcNkvoJMRjjp2
65DVKSLUu4Ruo7qkNYA82PZsFF6rmfACEx8mKBTqWQuZ
CzrCHJz9DASQV3SR64pqmFruAXF25wy4qtZobXrkV86u
CWTi4wE9DgU8XjKgYMQVRoeirmgzpATs8HQ9FdNmejKN
3P72nuFPtT5LWmcPNfBJFpurUxp3V14DwHwj62K5Z1KA
3XSArWTHako9MbC1uQk2LErMFZuSTD74Sr1ppVPMYFLG
2XGZqM776y5ATH47JsAcmYSfkCLn4JCRWgQbSBDrE6ra
5ZPnZuGMrDpToyBaCGtSMFBWymGBrak3CUA4wPnHmkvJ
Hc9cU9iSf23kAKDWbjGx6xHK5r71BNYKr2f2M8FPQ1xB
92TNTJSPAbFah6NpxoUC5vGgDCiH4y713ZyvmYw92z6w
B9HUiCbrxrQJwt8suSF1eXYXupYXuFKoAoSi4i6d3JCu
3Vf6UeQE69d6DE5nx4V9MuYgY7axkxh9N5XqFP3kjQsg
AWrZBM19mQtwYpnVD73ejjcMtuscNghnDqqMDucd7hhS
GmRidymgPepTm6dh14MeFw8ESMLT6ppeV8a5DR95UCtz
BvNzZx6CPPxiLs8xet8t4hbQN1USWjhz1W4ttPeTsHfK
DLR7oPNvjAg3qDhs3DtXHhUHjwFWV7VqsVpN7LdX29ZW
Ag1cKKWjVRLbnfqtBZf6jWyiBp3irCJZYdWhooxuyeLU
DsMwPwoVSvHKfxqrAGcNGZ5VrLixAoFpe2Q5ijjRJzyi
8LEZqh6auaRbN433GhLcY6AGaebSq9ppWgUaPM5jGAoE
9z3bMK69H7yNJ5hSQvWDGdexxnHU25pXTcj9Z9RihFw9
8cW8orjztdcCbozCfzsTBBTwEbvcGZuMgp4pbux1EU41
EuCiNQJzpBfSqaR3KnwFKFu5UcxC6zeRgp9Ht3r3ZsBJ
PpcgSFEvzTCV2U9Ujefka8dCPcSNmYd2BmqmN4DZuXi
DxHyXWvfqf3otMiM9yt6oGJZoDg9SM7ni8geLM8WvKUN
6Swf8PY8Snh3xs45xptX1twukybGVg9KPMWdBpQZGukK
8upngM14Lpy2nEiNL64T3jMB6YBpKuShFdgJrYZZMxgU
8TxNgCqHVJZ5idYVUDPCAVNVZ4xtttxHQND4o7Z4gca1
2GW9W32ErRjR1uHmLyXthWFsGPuBGUsjwA17SXeZpdUa
2wdRjm63ZRcSNdBSDXsfhTh9jnLanRQES88gsKpUQTxu
9NJX7zvyxwuBwopZj4VmTPs1Fw6RnF2B1SNRznmKRSXA
EzDAMNVaJTtduxkDr3CcaQVyNH5crUfPcAeXK1hVBXJY
HZmvsyRhhxcdRfb43gTAQwV4n4watrhuw85fFJJNFt4k
2d56MmzeMUVSW7SGkhdvsm8bJWV8w65FThKrvgECXno7
8GbLJTbj6rLHUaaR1EaHJuQ7japtF1AW9x1s5JMAYQwL
B7N1gqwzxmje2XiKKpHCSqhJTkgNXiLCK23ABnrrGRZb
AEgWpXnyyD8B2iiYrDotxxBujbqb5PNQp1ExNBroneGi
FR1C8j4Povgac5LcdHfPA4VZnF1DUUwU65kPYNXh2Aa9
FBV2WWhU5DEjY9G7ZnSkP3AUDGN5aTKpuVjp5XXr6VKH
9BaeiwZ3So6CPu3etLpgKjVNQLgSYdwtdJziRSDGtwdM
5nG6xGGZNLQZtftRMZbqPsWqJaFjhBi7v8LmXoArJbxn
8TpiioiwKCCMvVL4PD7U2kiQXdMjsMs9Vx1KLiQr2o9k
8J5myBnzySbvhkAZqoQ6G6kCtx8BVGsxxgwoysGX3jQQ
9Z3DWwDNc9Zfbrm8Th9mjZuWvMPGAwYoj68feyVuhRmz
Hf3ABxMfngKLR4FAy26o54mTTuszwTxWeahXiqyXkGXz
4Xa8YGhbevSM6gBBnuBiXaEB8CAZCQSAMk3EHre297Bq
AUNp2Xif8qJNvSN4FNJ54oFSZySK1rMC3tA1Y31r944Y
2tJdA6Pt72kNpi9Z6ux4Nt2uq9FJrU2vbdLQ1b27uxXq
9Ek5Cp1kjY9S1Ah8FHXCUWqbeYH6N1hMhsvEyVKyKW4g
JCpytDx5Hv6VrH1NPAB6bp3b3YLXsd8NwKDEhJRHWKWt
7L6wpoaHWDF2h4bpp3YLVFxV9ipraESaHC9jYbJnmNj
Cgf3BQ5YTmCNY6jEhSv9sY92iVHXgMfk1s1SHL92LFPT
Hvp3vSkWkMxP7kNQhQpLptnQh1r4WiejLFx7cFCUG3cB
BAq95jtEsGddhxCkAtW48qrSgR4QbpW4Qyfbcuz2Sap2
4MsdCfj4oQ1PNX71HVvKVVnUMXz3evpEt7UQq7Dejjzq
CpBXK797zBuv5SiFVhgzMoyb74EzgbemnzCianrn4bHd
EmSFXJib9t3wWNeiwRoJBYprqDDVPDdLANJBqRoukurw
46J3o8RU5xPvWwoNSkJYp2eRHo9FWgpuojaYPZhuLiNv
EZbCkzmYM61QeqkMoMMLFwjCXWAzQ1ZZCzrM4u3LvEm
2wH9M4GjTGwfZvsUBPvB2nUxX3XkPDd97iRTYvBJwp6d
DU9X79rJ13o3YF17x9J2Y2PhPkGsWk19zhxnFL8dh5mC
4eoawduecmNnNt3Cr2tXsxpoCAVrofMJmD7VpsdDhXYM
DFfGPLYn3ipPL7RCLq94wsbnGpFk5sfu2WsKj85jLDk1
4ydZBEQMozPaSYMPJmENmKM6vtHNcCEMjPhedQ7d13n7
9tE6NjrCqAGj4aGRgKEZEkYQjT5vydkTiGWnu5h4sG6B
2XWmvnxL8Zc2CNmJGQSEP5GFZoem3EQtdDsFHmkZiC61
3KX8x28XN9hdHg8EJ4E9zr5R6Wmh3E9NNfrEY2F3KYgK
22yLzozEGRfZuMsr9GcPwHN6o5QM7r9YatE9Pzf7se96
7pXSuVEhpPnV6rYaByqhCPWzCgaDhgUkWGpwbwHyfR7Q
EAN5rPvy6HLHC15EDtbjfkeim7P1ABkRsDwHUhEvpPLx
97wzbWsCkyNVQh1mVhi45j8SyvfxSpnnoScAv4GGTppz
47PpcJYAmBV23BmJvTegjFgPixxZaDd7UYhNK4KWUGQx
6P2Wnyag6oWZ2JvrGDP86kWBJNwoczVCmbVdUF7nRPzr
Gbwm3Ga7i6V49mUy6oH9KzFkAqs6zFagzrSaePTButAh
HVvDM3aQrHD3bxRd39fSnBJfYTaiWUpJjARP9HURouzU
6ceRe98oqvqekzdfCBTbj7KHUt7P2k5DafU4mvvzJNsi
92cpJsyzPoDd7AHyQTYGHdbH2R96kqWFaJrhsF6R6qWo
EdfRGbzHKsVG4VXdisL9f4TZRRR7c5hp6sqPGBF1MR7R
Hrcfdu5d1i9hzNLDzdaAXAHdnNvEXeFha7YVL8TBUo62
3cSUrUe5Y4Vj46LV8MF84xW5uxSKL1oLCSqdW2RHZ7fH
5orZJB26fSS6GCcLPHLGsH6h5gESvBuQHbBbxP6EexGe
9kCEZJwitx4mgqXtNPe8rJQzwUHaHz31cJ2EWCQdCv84
BU8PU2hbVYy8Hgwt89Ze12BArErpurMDD1ky53KMPQ6D
74FErCiLVGUfDPt7UVqf1ZmHzNiqtScDAzvgYLB9F62S
DywPCr9F7PyyGELdaoKW1D4ZqQJBrWH4JsqvCxsaTZeU
CakfWf6DiqfgKmh9y6FqbNmTYwZZfrXUWRRiUBMwvPLj
9ivkB5DsBLQQArzBYhSGozrbc1QK4PY69kdkeZmKAWxj
CALYwZu5hh65LsXd4fRZvoA5DgPvU3cC8rQCidBJiQvB
7f7HqPzmXN8kfTfUaaYT84VDsRD2pacN5Q34AUVSs7Z6
8bMRbEPBgms96wo6EutuHn9VCsvoF9FKkuFENyNa2T6F
CFqHzA33ZkyGKtCuBhr92RUfJA7aYYHV7gmDwQxnkanz
EmS471cZQV7BGrKUtgZfdwjcw5KZnGkKV2MCc26QVBot
8k3L3WVC1C56wfxqBpymi8Tzc7GSLyi9hLbopzcWTftz
b2d4CxrjQFHsGCzHNz3hUe4y8KVsypbnMZvN5v8imcA
7LsfUKhmDFGsoqdQytdHZ4FQtF2abpygj7sZFJTYjmMG
7QCnywx5sgjGtFrUL2LxwGfJvzY4ah4gKJQikdxyYpxU
5QPnquqKqYMtGL3f4hQGpZGzqFFyhBx7KA6VAL9vwfLt
2oJPGc7LB3mKt3rqvg9gr5yQSZWrkHKVskB4xPcEnsPh
5fyCzJNs8abiJKY8RRHXFfjehF8SfKJFPJJdgWaKo7vC
HLNoEb9ENMWZGkBm51UKbRN84NqzCVf2iYnNp8y59ece
4bDocxzjMCFNRLMYXMTTCh9gyNVKEQxfyMMstgpTedhg
9gAw4bp3YwJGGaeiK3S5XXE88ydNJE5D89Pi8t5oBHr
HwiYidDjGRrLatXYpRJYdqQRmhTAq2ACP4fH2e2ZDj5H
DAq7mfy9mKqQwFF7g7g4Ja5KndajMhcpZPsVziEbYypG
FQMvtVroJsgL1UapkGtyLEEhs3RFQSn1Q6kqomeFEVsr
71TxTwrFoQc8sPQWD8Yadt51pReMGvjTZQfqAde56P8V
HLBjsxZdrcbgQ5LWwL71yW3ZkhA52iGBSuMBZYgGBkFi
2PWUjv2n9q5PS2FhrHDyCwCeHxECyV1BMiWgqxDVAerN
12TR1qL57bjZS5h5tXjhGdHMrSKfDGgm3eBUDUKCPiyM
4gfjiyP3pY3nZmJA4iD7hvudK6cYG1VdMNLX5LvDQAAs
CRxAYbxdycxPsEJSxLWP9p78MVHmUp6qZPy42dgUEe5b
5wVHkvJCRyKxyZiS2Tj3JbShq7xfZft9QUNsPZ3TQUHo
6VFkUcXSTbdQzQemYeWUr32BWMQ16JE5spFeAP7JAP3J
h3VXnqFMnNW5sL36nx11HHfnq3eVwXvhmG2dzkcnQWm
9i23nBBie3451JeJ9bPZxg9HWTfRgPgLQRcWpN3sm5Hg
5FZAgMx1rvkyvKXC81j6EqJEnNyWRSJKn7b8SATvsVza
BJTjhR4Z79t1GoaPqAutazZhPtPmsPYb2SjHDuT73oZN
7FKhxMNb8wfcLf53jpXRAmUa2s5Ad8HkdieSBnNeW3Xr
BB5GMJFS4GtH9VJqC2u6pRPHndtxtudM41bJHNVAUmVb
EmzoZMAzcHiVgVAx2Fmg2PtZFvXHJcZ1WJYkBPNDQK7r
Um3KB5ZQYkkwrcppSLxs2CdEWGARz6E1Dzh4mtJH34E
4EBC8fV6GTm8fc625CzroPLb6PsQf2GyMmmFKFdRH1RD
9W7ZH7CwSzHtXoikcN9f6vWcz2TBbYRLfCRK5ycpYkBH
5BRmhY3iAbW3e6L4SYSr7xDNjtMmrQpkcQxKw8yQggno
CxXRpqcgLnZ9RpW6wy2h1M7pfhAt2xTpBKN59GcWt4Sj
H4fSQZZpEhPE5yR6JfyBqCgek8LUbajps1vombdnQgQU
FonQCiMyBmh27jTzpeMcPGYfDeiF6WG9BGeHQto5RXih
7MWPY2fYiwSrhzSCcoVxUuqPFtQGs1Q9CJaSxyFBRZhS
93M2b15bghCFMJS6tYha1gy1UmC8hUFd3wzssJeMEfx7
GRu6HCRMEw9EN2aEroWj1phDjUx5K23SGSTnydgN8FAG
9YwRvDDxrRo6rEMf7x2jrZHdcBCYqymJRcVMje4qeWKa
Dp65UdishaJFsrmBj3oq2cCVFsbeDu5RXoXK2CEdLEjL
2zcXDpTwWyKqAZRoMWo9CAikzppYeHiqAYy1uo1eHRWh
9EG3qajL3WwoABrEw6CVwy9NkXYUfiZoeaVJyCmK2yDd
Ba4rUbreWUunJHA97yV48yKssxAJ7cm62DWxPUwnYMpV
JDtVj7N8XG4CV7oh2FVrohugdVghCs5H9W68qVa2gzRp
3PsuY1f6tgwFWtUSW726DxNrzNdS9NaKUQoByd8w2oKi
A31LeGQbzYwzcVCK7gAJHGPpPVf68BNHUwtoZnop4WVm
CT7KfaR8cYwD79bmhANWnTiztFAYCZKjL7HQM9GAppJC
43wy4QAGMBjjQi2SsoCSXuS7kDp31ThWDT3iy3CJ4hx9
42HGtqM5AfrS1dYrFHPWiVzKsi6eMXRGwpanrN7AyPmk
9UMSQR3Gd6dP3rpiDFWZ3ciVtzPNPAm4vLV8zb1amYjH
6DS7HoDFLmCWUwJjqX9Z3HpNrzCRbm5TKmaM9dUjLD9B
D7Ww8yCvji9fSTzFfR7V48TwDoFuLz3GChSDULUvMtHc
G5hZUgM5EquuSNdcfgZ8mWVQwUaSsy5DT6jwaxGm9dfx
Aisfi1zGrHsuu7mbvW9SfPg5LnxV8v9XgqjbQCwkAS5v
GBoiYdqZtqpL5eQgakVCrC9PyFrUsL7DcgfhnmxsAvZZ
CrKvpbfybzr3SFhuc58z4DMPqVp3aL87fac98XAYvidU
Grur2q89J6h86keRGGxQ9hFxaCF6Q7Kmp1W7PUVepuBT
9AMLJwQRdwFXEKa3b9nDtFRJsSXa2BPV8px4unuJpxtC
ETmoZUEPKyiAxNagzyfNnZ8kgUm4hCYSouabK8ZDN4sy
6GCAuFxgVmTyKbhApHrDXq5CeuEhgDmw6nqwXcygViCj
77QoNr6nzGJ12m4gkQrpaABNUoyewNGYiapXfrkpoH9y
36hpHVoBSgBnt12fzyTucPbkQVGHyJ4GuKwMTjUzqDLT
CLReMCUTWyVYzDAGgjSyUGMduuxSkgZobA2FoWvLG6nR
4R3XYPUMpxkHv9o5em6kMttSjTBWx9gtBfH7xY13QnA6
zzMk8Ybw99axSqGwr8EjUrXLWEqT452qXsusG92dCKL
2pX3SJhGRErGmCDxuggMsL2GS6oSr3AeJc6V2bubqM1b
96KANJvgAhpdKkHYq3Nr6gtC9i3CYRNrKdQhX5xraUfU
Hv1ZjvueatYCeWDV5RjKKVj98LTxskR4YMccSJXpzhto
5FhJKXpBkZPZwsHNP6QDVAFGkpB5txvF2Bku7p6vdV9Y
Fg8ZRm73xcp6JgSF56uLaFNWRdAHVjFWsUfgBXHcu4u
4Q2vGxP7MJEHWYyJs8AQ5oPgQbxNovKSmSjzJZbJMvYK
EHFAZgqZA5ZUfdUEbkhrfr7JMgY7cf6YLzz7KXsmqY4f
66xgm9pVyAG1nJURgwUhwrmre5qjeYvXVo8trWF78x2r
FyJaWujNDjBuaStPVxgKKrM55pkw1YgZVwBckGVR1QVp
8oXawrhWayeUNJW94DQahHMVScfFGqkjYHS3gjyE8pxD
B8h7vL7qD1e75pTaDeJ6zLPZE29mbFiJWcYRDvVykTTM
EJ3CR6uDcNwdi3YcHbgRGk5UDM2aMegG8smdg7YnkDps
mWfe82bFUzV5APCYrG17M7ysQoX7p1iD7JryvdVSEHd
GuUSwq7emszbM5NU6r2DZemkunYjuoEQyQX86xbWLTjN
4zF1kwaK9t2Z5U2sHkka9NmfDrqyAPX5Q21ihGGkoUR7
2et6zyAMbKyuUgdZziTgTUiMfyFYPhEfFyUpDv4jh7Kn
37nKJP5KgVvKZhxumqRFB1MtmeyXgp8fcY81XHCLCQk9
BfPs3WwZJZSMvJMSzVDr4cffNSza2mJRDiX1Y5LkYmsa
B5LXHV3RT2icvepdNJH2dbVNhXDWTpgxBkm98suyRDAS
HWk5dHhgSDNhF5DhSxaVyH6o8zDwrnNgQAgj7XnUNxqM
GKgTmL7BQn8AGWcPcGpCc22D7TTDY2HkhEycYAyEYngz
4ZsgKPWf7Vj9gXk1wt5tZPRNFAiRgq7Hw2TaQZKXLnjn
4cVM82gP5wkqyBX4RDFTm7DMMLmPtX32aQSxdjb2G8Pk
5R8Ht1Krn8cJKFQopsCzj5dzkeL8bLCjjZsNNTXik8VF
DtWAorFhxGga9mC1NuRyzuufDxq9BqLyhiDdpW9PG4rq
5RyGeR5oh9mf5Bs7awjwWxSN9Txh2N81UzqkxF8ZzayG
9kaESW8ohkbXH6pb6WHBEvEkqCP82QikCfoVq3qG2r26
6jrpC4bfSrE1o9T7mdqD7BkhocmoCCLSvEc4KbSVCtzY
8DJdKpDYxv1qGaviQMUYuxAUechBgMCq3k5SrcgNA7Jg
5LemP2rYqQoj6ZzUvHDdyJWafL4YAbnV2CJaFWN3Rsqj
5w2HDmZmiWxWTjCAEm3CjUkbF7Qo5Z1oyVZnAJEt35ez
pJpCBXU2jX8Ygc4R1cWme4AkLpMYdHuig9XYTGAxNQF
7UmedTMCw9DEfSZDSniGwV5G2uaZsnE73xmut2smXRT2
92U6bmhoLECJDcz9UAwPR1iqcoEiBWWcQJcSJAMz3iWm
GKxZby8xdJQ34EDKiCxpDvSSY3nNLeHpE8PdkPGkQhvP
79HCMRzoZ3JrRbHm337b557cfyifP8kt5YKt1sFQvCSQ
Gc1YgQwQWidePJVMCMQnJSSh5DTeS38Qs7g3NVXaZERM
AatNHAi2QByjCUEof8BmUJVMd4ngjCqUnZogNVDnV6QH
efUZbnTSvjBqRC4hVgknmfBZHkRRCjyDY4uf6qUP61o
FvXLLYWPY9zQ5HEBPcEHUmkci9u487nnrxC3J6ddwVkJ
2TBUNpcdHTkurEBZNKqwQcjce4Yv678ivcdDpmVgrcTV
4kLRDEHgWMKFsp5zuEK7Km57YPvpqzLFFVm8u6sRVtZX
DASiJSKrcAWTHtf1LTyFenfUnaSuLHU1XPj2Y3V9ZQYB
4QcKc5muy6zw5xJLudvrEfhXKkhwsf1wqkb4zFec9hKD
GV83TWDF1ek1i82YARVERMJpPsM28tE8rEmEHjZHR1Vq
A7Jv1sAe1WnhmRUs4dJABfeAPok4TPhDX8ooZHt5cEEd
BAuVaaLB7uJyL1MQL69ymm7z8zkbbJEzGvVaLC97FpiB
2zEVVka8nL4BncD8Rd3bA6U9ygZKghqRj4zi5dv3Xdv1
D8gdi36YkDHnPJymt41BzCKFS99g7uut4iwg5zdyHUep
J3XKZxWhkXGUPYibC4ALrBtxUfiiQBKe6QqejN4vGQez
5fRCYukckLWopf1MiXRA5285oPyMHjid245i76Pa7KH3
5ZLqYiRCGh12NUS68G57oubH5iqhgAuoj9BcqPy4YG5M
FooNCHoJVtQ4MiipTE4NijYKoRwcdzDQgusaLbpc8rxZ
4WLqEGYsfpBzHMj42sqRoPkzwgFmARBc1CPw5tWBYESk
6t7N3CJP7jBSi4ubTvcrh8FGYCBaq11pBx4mB1peiEgq
HQsuBZEJLRmoM5aRDnwt2G7j5aiykmvqPK5TvDoRUCvj
B7aEMvCfhZNGJdT9g8kzyUWWkrNBPuGUBMhrJ5h7UuiR
4SinrFd9Q9rcyzk2YGQgSe176BMNwgzxCuzyF4GkDd1P
A5PnBLx7X1QbATgGrLMp4xgozPA57151xL96gQoemNZ6
AaMuDCLiREaeZGsisredAff1tLWkT693TToiyERYYRJj
4EASxwY7E3EEFdcY41j1SvVYPwKh2sM5FbUqhCv73aRk
ATLVZcA8qVvuer4rjiTd8gYtjTMQwYwmQ7euX9gqtceR
DcjVqnPJ4bqqkX4cGUbJuA1PvuQp6qgw9pk2k4YV7ypD
FqzJAYLxq4nFgCCgQPmLyWrvZpXJUXBSaq7A6jcZJKzf
9KVqmF6EgviQufD2biVShC2JskExVwszPC6WZsupXMTR
9fWAjbF63dJ1wRQZo3vsxSc9Jaaa4gYC7KjSvBreXoLq
3bMS9biBLjRBGP1K7zixypobTo7wyUi9ARV1HNmz4ACv
AdTGmdJXfSyry6HXX1hHp6G8ToqeSVXNV1i4yVRzs91g
3831w1HPfrAXW64xwPhAWt3hGwGi7YKcbiXMJJs16xBV
5TJujFzF9MmkRbT5m1jHqEA338jmnJoCnCzoBfv9afzY
2aigns8FF58cwyjVovEe5jWB29VhbGgNeAmx9uAJR69e
JCvzysmdf8uhFTLXs3vuVBDzsyGyGUf3oqTcGbBdRjA7
HYeur5SSJ3ihpUYCw7898dJMcEaXbrGHiotoAxLFZU49
HpRifKHxqfAgZe6wJEda6vRySMk5SbpivgtJh8WZBWqh
2UiwXe8uvXd6W7L7ZDvyYL7P9tGtrT1Xn1hXvQxbsLZC
HHvrP3eAqXsBe1CBvgvV3UiZUuPYUbzvJpXfQ6JtrVc8
9EeYRApxpTZLmXte6bUiokCNofvv9p2JXB5zPbnK81nx
bMzUH6NGXqumVtrhhznH3B7qrRWNectbZJQFsLEnXV7
4nVw7FMGJ55HLeGkgV7suv5WBmy7WQpQwoBTdYmjyRfS
3YRgPhd5w1EynN1rB2ai25bWxTedbbPq4xFeM7RucNJe
2VnNqnV9b8uVkSV3QphNkbcdfmfhVWxMZRBQKiBC1KBm
7waYEuzJ29eLNNrYXmV8qu1ZnV31J329Ed8myD89yTVG
5qoDyfChkPokzd5BXGcbNmqFYwF3dYerLfnN2ujxTCjU
4QntDwwnJBHNgDFv2za5DXLULWgqgZJeWFiHg53anf3j
3AFQgqyDVf4ppUbajvnYDsLqKzh9CEtqn4VZiivqxbUb
3vxPsFEfk7HxfHaELDHW3xRkh6Kro612Mfx3fLMWGfGp
FfoSkTrJn3G4PJsDkt1SMf9G58oQN6r8t511cdj8Lwtx
E7MN5L1gBHKBLN5jvXu7SgYbUTNcJ1b6qYVMUfrxB7vM
83qXV7D83TuButj2NLjDdR8cruRXAgJSc7jGnGjDsuKN
3PSMJE4psXbgWCe1RerunbuXVHCskrSTQvHLBmxEFA1W
DA9AXz8qhzxMP4vpUzZRew2eD4Y1CgFTqPceWcXbDLg4
C7sVhjmq4kevDGogsJzvxrmv9otLTDBDnRfRJ1yxZJP7
AytHf1ekvNbNsTZr1iieoh9hukpfQw6PbKqbHxzhcWN3
66JceYdNZAncRzhtmmr7KfASPSgKe2WN39txmfH37FWV
9t9k7px6E9emN8WH1JcAJNYRnaDeEePnfrLFSmVHDhd7
ARJw2V44EgJexdqAcmYaPWsmyA1sZMCQT6LPDK9XqN4M
HQ7Xmqc75EJXJnBVDc52qCEpCKoUP3fHkFL7TifsPcmr
9P6Zmqpo7Q3MrJWkMQYXSLQbFcdxWeD1KPq9UumWhJdf
CSLsPXYrxxJE79CiXvRfcEqxNE652noZpqtgBbMEweUe
H9e3hU7T8Fd5KdW9ML3mg1DiihyyvVTT6bKVgjWhJAC3
GTs51rHLYX3XdR3GDsZJ3PoboPZ3wmDo8ro1zHtUFCm7
45Hi5hzgRMLLVHJB4q1yQepTjpcJ6ieQ8dST5fqGS7Lz
3poTMJsU1mSYPEfwSEBxv3GXCBTGAG4sQfagQEc55TMm
GHJxMDBwMbWN7bNr5yk4kajWbmt3mEJ2txTtYtroo3ut
29BNbVJJ38oXgLwE5qC1wT4NWEJPeN15m5eHTRWePjkG
3FX9SGARysPQ9rL5ceNbVipWkLzVWRHReKobkmQGbDfH
5DghAU8MzDvk7CtS9aevL5fRvsvcvZRLPpSSfoK94pdt
9F9JiafBiRLJWYpZhVYv9N6Zafa1wNmaWFaDVDC249vc
64z8d4ZoxusTUv37x9q7bKo4B9M6mz8Ue6QZrYkPCcpE
9XYruGy8y6fHLgsXKK5SThmCj71FRnvD9wz1mrrsCvCm
6EehgWehrkoxG3xRbpmTWkwr4KdDiXfRArd2N7i99P6U
6z8mw6ibSXRBQxo8LgQ3dtkqS7cEcGteTCow9Y5ShGPp
Hv8jMFruX8wpUtzdfXHYx3zr89pRKNyzDEfaS8oKYc99
Ct7RCW2PTmukiWMHBxhqyktcsQdY984UcRvMXJXEqWai
8ifPWeccw5kA18eir42LJWMDqVnWKYx2eXVD5QWJnkn6
4SG3UYUZz7VC2JaYd8N13wfRwaj5SWpEXoZqSAEUX5q3
H9ZjGvzbd4hnT8Bpc3LW2n1zvHpMys5FArLQkDBeJYkW
GeTQq89Mug9BTt5RDxRdzPbroqFiRnoYyfzyYaQuR7Mm
aaRoXudMz4Uk7EytbrjSykPiH33AiCVEjn3eFnkUCg4
AUdegFbgCuxR297VoKfCHfmrXAdyGykVPCVdeb35muwN
ExuJZ23fJaXfQH5TkqvcboatyuJtY9CaEyhoqjTo7bYr
5UUfARvHktNxRmYBfPNwGv6AFHguW52gVDsyAuzpkwqS
HGrtyapFqy7mP6C5MzgJSBB9es3CFq11nAJFD2MDtM4f
2WkhiYpgA19b77xvPeBFQBkh4kXPeYz2GMeXyK8pmA5B
274JGiDAdRskkzYMGg2qTChHPKCAp1sPTbEmwxzcaqDL
4rzQBD2rhhEPKjBWrWepc1JCSQHfRaYf4k6eEi6L5x1F
FTy9utKMKKib7VcPgFreEazL35EWc62q4sXgkrT5yXnR
6uQC1AE3JnkmJmKPTHxYe1iLEWmxTUQgvyyWMKypUw8
CanH2b2JUaDGwe5xVbNjDM8v1QKqDnH6ZUbjPM8uvatL
Aj9N5PXorNiF38Lw2gnGFEVvDohjuqFvct1s9ZtbKLtP
DoeMkMd6HuTN5EUZmJmkGU6vVvAbQKAELDcbHSPqAYuA
FAmCjrs5XMkRAZeiPxqkUJvYdqBZTGkGNGLUaZweyMqc
81pP5gXNzhSwYnJoVUc3gadwpCJc2uxxprmYP7K9r6U
8ZmH7DBX5KLLcgYUxRsFv6nFetCyhGmCFnBHThKYdMtd
Hg5y8houvsho1RHhVDnyTBtwCtJM4BWT2sv5zQR2Kq5c
CpmWQuGD2a5WXguc9kx4SuNKzApQFcGBf1EGhfUVFJYD
6QocKi8uJsbfu7wvfELVJa8jsEgFW3YSz3jfdSbLr9BZ
2tgQJJuC5DRSQxvdT6xwK5JvvbYR6BsmdtoyJnyCQ7f6
HjGvXc1RCysmkHr3PQvgZbre8d5fUDxnb79zcb7PKx3H
GfHQiY1eE1eQfnz6Rmuo7e9nruqbBteT2iincrcysquK
7SpJxRzQ4GQALAmTroXtsgM374bbbTCMPQtS9WnxesuX
HedbE2agwSrkpGm8XneJiAmJeipAKzrTehxLDrW7jH4L
6V9cNuxLg1qmHtgDaU5nNi52JSVXgdBwbk3Z8C42fWHd
7ppwpC4AZLtHHxqnNjEPRknifmhcFmHFaGwGb7MASs8y
EQAGkM58qSB9jZGDDnhJ1FqtsF73w2U7xSPA1cBupos1
4G4DLGCphFnjwph39Bizuunbh83NrrMe7nAPNzSJSgCi
B5HJ4RK7zr8jH3DU5djcvnFMzebFLniv3aaLXBocDTmY
8DuFagNSryrkkpY1rwwaMFX4JFvmJY8VezrSKYZ5Wkov
EfUNXTx8DiK9RHko4SiL7SYEAChm4Hvy4XqZczxR7tJr
HgHazRTi93U8AidQniVDitokogWFkD1mmz2YEifVjVg6
D1tLk9oXpjbq8JcZFX2dzw48nGjbGbT7ykYRZwJ5a5Gr
HpdxgaSkJEJLQuD8aV1WxKeL4DM6aybykhBi2suAGBrh
FM82aEyQWXxuHTBdfMRU3uhvkvgHLVDNJ1SXbCtpPJpJ
5R6inbkRcparz39BXGMXYUpLj8dRXUuBHPWfQtVdq6zM
6HLo3tJ7BNE5EHnqGnD2L8Efw7ZCygnAemUDSj249uHS
BzoJTie5kA6TQv4uz6mE2gx5q5eLuDZyMMWi4DW15LwB
HbAafLWuMkBwgrnTMHJL2MJBwYVEedryVfMGYYyK3B2A
3pG7eoUqPn9rkmQhkhd8z9TK2fU2sUS53SFyAdUy2bLn
8L6FymHqa8r8kjjgYAujLLLi56FchNmtiSoU2YyHQoXX
E4RaWGEsrbFDAxmmZuDuWcqUcdvMY7dWDuWEmfnAhikV
3i2SMZRECKKGKxdQfRt99xNWSmTWLfdaLLtys4tjDsKy
Ed7ruJeshzK9MhvPEv1GsXZoZAPeDqX15qhKcRRoRndZ
2PyPdZDZhahHZXbX9JHgpQWioEeSM1k4MKduGmG2dbEx
9C88BL2sfBAV4oSvZF7dDq9S9m8qPHqYFCXYR2NTjLxo
A5UyjSg2ZxTPZRGJi3ceNfZw3q8uuRkn1fDXuGzfhixs
Da85bxCPCWNmq4zFq8mzYEo2GPWJWMfwhky6gXAGsD5F
GggEcLki2oyqK8aMA7ch5JC7CUezodmGcwQsRdcGsdF9
8f4pSRPbA6Ez2LEjMi5mzXM2hRP9vf5VUcvpoyvXo9E4
J8KqK4rPdYfLFrzXJYZf3Ep4EpXQreAvuf2CGqyctB35
Bd7WZHajYVs9Cp89d21BDGdsBENcaarrKnA68deuTSdz
9nK1QBcnrnYhCmE7ADJtEWRryHh1S4tDBk5Rfe1UqKsj
CB1tAQVC7BGryCzmu2eJJAsQ9zzySmUTLQ9yqZTXStiW
4siTTNTC2UknuEa9tpaiY3bwGTWJDJMbFWQ7P9Y26ELi
EBbhG9VxHyvtzYTU2WxUDJk6DUtBo4Cexg9cLvGmjsiW
CpPaqfCiC4trsDfDZzmQx5mvbiQr7UjA18SS96WizWqW
4hf4Gbv96kgnWjynnY4hVD1cyefyNqgsDsoCJJiTDptc
EXxrzpYDYwCRYYaRBvzZ5pew2Xc8MByUjHhq4wmvJoGr
GGD8xBRV2cacCumgV6qqMoJqM7QZuLUstXVQXFb7yN8o
2FFC9LMXCa6qwHnhCR1RFJE21d1pHNK4LMdRbGjwVr4m
7EJbBgFGhcCxYvPmJ3r3UxKtfXWFtN32RUDQYtSuJNVp
9bAADtZ36jDftSGjgwePU63YgtPkFXA5s2fuQeB6Y7zo
9MsTLwuCT916r6wd69NmsAj4VJZrHnJrrxGgNs3Wb24N
GyyhQVkYLEdpu4ACkKpUGHKDmKRqiAirvisUTc5DwYUL
CoacD46PMBttTyZcs5rVpHRjTW7iP2Ub1iWig15odgex
6eigxHNjQ4gM9MZBpR1sV6r2eUzSVy6UTExyP1CBbmD3
HdGT2Gqh5efTQCZ53BfXciPD3zsarbuNGW9QrHK3LGLZ
BWvvsG6uzk4fqd5Kx7argkf8RR83mXBRosmnoL64Qzbb
AmDPABLWSuCUb13rrWk1VmNbzU4ZFkXQmZYpT7cyMDUs
HAEzDZ4yLLao4WmaS9KUXrZVUPC63agSH9qGNa1egmZN
B8aHfTjUuE8gct6Ry8b7tWGrW8BYSGWK9hEaEJ63Fkh
3XG6H67Dx367rLq5DX4TC8ehMrAWkBciynBTTTyY7aiz
77Ng6x4sXeAXVDE8uqifsJUNaKhzNd1BS8dH7CPHdSAR
DENZbo1wGPVBN9MAJv7BgPYrZb4CEoZgvoViNzLt6DaA
DU5Bn3avLPKotAQutCEmvLmTCuPSKYYPTfnzAkKx2XVg
5zkr9CCGBVBTg5xWjB95qLt1XAnjzGTZhXUrtWv5EPus
59KGbQHW8inse37xzs9e9vEBj8qMvNJ1n8P9UXrxZTSd
BBP28CHSYTPYviVhpSYne8reJjsQdJ3g61oDpz2QS7Wp
9BXmqVRFYjq9a5GG6eos9KkDhjNByD9wgTxznM6cBskG
6zV4pP1MVUr5zebkUTX5373SSo6w4QBWxnjS9GqqgJiF
8fwEbgn4RyuKQnXt3QBCJzxy8TXmKg15btrhMxx9RxPX
BihUNzoXUXe7uzAYyCiTmMWPxw7ZU1T3qXJThSqSib7U
7VjQi1M4jgrNPhrB78g8QDz1dnS7yC1TFXD82rBaDf4h
AYdiLAZqNXzLrt5CZyKVzzgjYxdENHc3wc2H2CvcKNaj
B3HUW6a3sQhZ64dhJJ2Ep8WhmXoSzZZGkC2ULjTBueqX
C7ScZSSCaUmqCRWoRmSKVVXWjo6ULjEKvdNJssM2ZSmF
HVG4yYE5MP1oJteRktLeEPMGNu5NnXayY4sBTYaTEUN6
6FJ2jHghUkKwjh8vhVuDKTbbF8hkAuUH4kKKgMeSKpMk
GUo1BEYwktz2LmPczZ9L4gAgct461BKCAsbKWygGQT6d
3sx5u1RdxdBm4gaD7FYuq3jgDF9SQKyV2RjEce5AAPGS
GGfByC9KTKFjChRXfXkpBw2n7hH6N9JkT3Tc2MbhmE34
5MTg9ru5jJbn5HgABakYxDqrPsErzaXwWhFbevBRJqz9
C24Vr5yfxUCeGvMfU5ZqGmzoztc1FBdJqFr6pwG2Qd33
5msqG1yseivz1TtxbwB1ZvMHCQ8poNqPmdvEfkmPvjpt
HtKkFg82YGtmRM9dhwf9hac171pjKwJgZgNgWYqdYrJk
6hzGpMSHafMXDUaKCkf97mtvhEzgjYLSLM2Xcor6YX24
BAxeo3Mh9GVaTspwcp28dc25WBwKh2kh2o6Fw4KhktEm
9ur749UsW8xWRBDGU8Jcw5tyrcnhdyjS31BP3GMW6vwb
AXuSj6NyXfdvQu6bXNFAwgZvyGdBmv1gBcd9i6efZaDz
GekdPMZo8fE7G6MJgJwAfZEZdCeY2hSCKEjd3JCRw6Cq
2WP1qbLJRaUbAPWKVWmvS1zyvd75sMnGe5AL4KdNpv1q
FMxwpG8a7S1YFpUQrsNL6Wu5KGcWdep3ZY915QmCkgPs
5ZEHH533bVg2RiNRrSxUDmx9ZXeEfprpfNrGpQVG22Qh
7WmEhtgXCzdVNJ6mCpaRMJ1FD9Z899SMkCxA5kkb2Sik
Ar9XLESxPGgKNvgi2DseBrC5UWvUmbjL1FUHMXrWvhEz
HMoAubM2BiTURdaAFR5EvqME1gbi8Gpy2s8zSgWMss6R
8usLCNA1kprrjxWyggqtvxpYGDdDspQUvRvo2f6X8amT
2HmjtLUL1f2obDmBJC1bzv2Ttfia54CTaMX7XSJ5NzFp
CcjnzrKYHZTdXU88UJfgsH3A3ZpFamaY7zGSKxuNNzHz
BXQzRWsDTTvke7Wk3BUKwk3JSfQPaH3rhGjxSvAJt3GG
BW3yfv3ck4NvjNwZDNyWxCMtKusP84QvGYavvSZHXGDm
EqXwBtjUBiUBQJ1nSuZQcy5GcFmyyxJXw9ea4SjaTJ9p
CAdukmrU3ZCCogGYgLteL7y2PcZCUzk3jq3iW8f439xM
3w4UYREDLzYMW2nfc9sJ3aP9h2Vu9VEnputJd1D4gYVf
6s6dEhrTuZetJFJ5bEZMEnHLDLLHUB8CK9CWtfNkzFwN
ErZ76kv3bywgYRjgUYASGCxdVCXH4uEpCb1xz4D1NZHq
wmfFRjm2dj2CqadgsVrqBtpAvrS61mPmKm6jHLWM6YY
H2LVEobeiZYAghXH8Y3KHfgtSLoFJv9sGaJ4vb3SAhx5
SFsX2vUCZ6LdciSVAjzQCGg7RbSBAej5aXJystpYyVp
HFhybkCSoGbduVyK76uaMJ8bbosFYCXU9THxckRaWTPw
yfQc4P46e3MUFqM8ePZhaNMernA2aR2CGGYpCQUhwzm
4oQPzfRnqXdmut3y9bkR8hn1rh1ZUvZv3MQwaHwBZ3YR
5r6pnE4WE5mwbUddo2Fbcpnk1qi3rWiNMbY2GnHfTPNa
2KHpahbVGefKk4pAEgB2rVu5xgSUvJ1eZAM3q5rWPWJG
7aYCD1NSFxZBRMq9DUGd1DHfzp8j5wrkFgquieYSgkKm
58QNLM6cHDiSz7Vk7sNqouWCcicCNF1ZB8SdWMoAqX91
9XqKfSbNekn1zDNVrGRpi7PKZhSVSw7qgG25a3VZ4bUW
CwVXRePhFWADeBUBCKwWekA87tK3fsD6Xy2RkWNJvY89
J3HWbPyMWMpKL2atvbHXNUeZzsoTD8CeQpPqPh58bDRE
BWiqsmXcrj32Sf35tH1Jmnz94Pq8EJp3r7Vm8o3CdjgA
7a6pfr73A33CAMQjrc6N6wY5KouJMX3cTkjmD9Pcqwba
7DWJzXzVegNygYxCq8uAbg6cTSpbAFfhV8rLpdMazKL7
BaQqGEF42itW1gjeyvEshEsxRXooKLZPqH5JbVnWCvoY
347UjKpBX56CU8zJ8e6DV6J8t8XSzf8NPZJRbXWGT8Wk
GcnuM7rqyMKax7sQ9mH5gyJGDYfwXkoSQDb4itzrDR3k
2DH5mnb9asCA2hrvWYT5TqUiYjywGJ77YjTLAJeMZrZn
6vYrpbEf95Q82y5Q9rUdQiduyztdy7vBf1E71t4vLqCi
7Z8XR9Exw8cVNSjdcEmFvpPcTKfwgPpdqdB2KzktbhZW
8GJtVWqqNcKeYKj3ig8hnLiDY7ub4TJHwVXeDSpVSvFY
Grjjb6Ug5mHe8HSYZseFnaWFAxVPS4qcuV1VjCSa9GsU
7wyYiVZXaKbWeFGj9q56MwnB71GCgbDTJYb2mNUFJGzH
DM3tAj6SZFZF79Ndqm1MnG6o8NhB2do5tsArp7MUp8LC
5SyRHEpSEceZKV7dcEoroQdv8siXF1kESRxmYNRUkPn7
HPyqzUNfXSndqKvLge3v2pBUB1WFiTFVu1CuGSzj2LPj
6ZFQ4QSKGb6qR6o2FBe5LoGD97uA85D2xRgtyTjfkkVJ
3xWYr8ARjvMUQWRX6EvM7HqFKKCgVzA46729rePF4xFb
AqhoiG8prrGmFQXGQYpJcaJooZekzg8E44MP4RbgHYRF
DeX56MToLQf3k5Dwro1Rp96y7geUY1qVCP9D7aYXrro
G71QzRN5k2HgZDNbS3sEAv4TuKH5qLFkUqqqukwH4XzU
AdWGRztBUifFGan84tPGod5p2szPLv71FLstCgz4qogr
49egrzu7Awj1imFGdGKSmRWVmiX2nGnLmBy2N8okDm4f
D1GpFtNSGgsktRHLgrKCchCSYyowHcYJAWgNqMcWBqsB
4ZJfD84uuGwEhyaTjfag4AcVkfcbxaFvus9qqD82HHkp
99EjfhWMXPkCFtceNagj46HXofLVgAvnNheNAaZpMFJb
Bs7w7MQWaFFPmTY5HrNHF8bpom8FBLYD3F2pbVcQbo5Z
GvJtjm6VyvomGf7gamKf21UZkJ2zCQnFu3JZa1UAPK2k
C6L51nqarwaRYZ2h3iVLjFFynmhrcBftzbAMZFDquid2
HVwkoeKP7puXyuT61e2dz5uBgPu5Mk8ynedKJxQZNHMf
3uoNBkkeArBgdtg8NVSyt3kneVTj7EhJRpcnvwX2CZ8H
HadVahdRBc5nxjpQQdYCAWzrnjvpJouYvxFvoyLtHJDx
FabYEEpEpAt9umXEgCH679SYoZWGT7jE3QqEXdsR7W1P
C18TzvUFmisjVC3UdEk8hnMeo2mynenXd7qBVJtWKqSX
o9k564RSQQjHpvxR1y8uAUyXdfbCuCMVSFuY67iujDq
75GT67dY8xrGbWdF29NtNdfYo2oDPy3ZGiM5yR9ix7A2
CFarMdYNkCQ9jpNE44nQvAw9LP2sEM74r7E6gRzuMCuy
QRXCXrryHk9aV9LEk8cJJnHeBENnnJsZ8hNhfqiZFxX
AAx91J5rSqV48wVgcC9KCe7sEDo6avW7Uda2fAiwghiB
ASgNbWB6hkXEvhLAt8AWFU9j3268sEEtA83UZ2MuHAib
28phWwCqmJx8pMD9aeosvs6YAhmqS8uuvqkNeAJPiVgz
HsLkc85Rsk75nYrEEehNaJKUYPxftVbko3SAsM51FGGG
B9ffv2dFsZDPNGtymU7EaAcQaPsRxxGkj3nNKutFsy6x
4ZXRmmxSW5Q9DTsXABU2JNei9FEjinT4EYYZ9jwMPKL9
8AE7hWppL4R8FR1wXBHfSSDZuJVwxWs3Vzwj7xNbSfbn
6HSuY9NYTzfP529HziCBpnKu9jWLvc2mPoisnB6ngQa2
AciEY2NfP75P7Ga3epCXE6GoBEr2Bi5GABE14CQskKpm
DYDZpJiiH92TQfaMhPdJmTyTH3d6dSU1hMdovXjATgiu
6QeGWGkg792Cgkb1Ds3t6VwnARhy3zY5DT54UiNrAG9z
FnbYryAZxwkUuPJiDbiCxhejqVXBmMLCthXF9bChadRG
CgFC6LTARAjWtu8NnpQjtBKVy3vGT2CPFMyJqewuxpLQ
EzYYxgPKrE3yWVwXvno4i7c2JDGgKRMtqvvpeNReqdVT
3qW2oeJk9PrDhdtVSLRBMKevYn9hhr2icHknHRg4zMiM
CFHiLmyn6AYNAxHhY8j6oGj3BUSqEpSRkY3ANgqwYAPi
Db3t5zLg6DMiUFAkgy8NCgXwFxXR2cQGpr65FAXw4etd
5mDPVz8C2Sjqn75yjASTiSi8SZGiezXUs8HXE2bFeXsC
FRA5vU3hy2NT8DoaUytPpWfnbwcMg7wpM5qgAmMfCSFz
2qM6VKUSKnj2rZAhShL2WQVEksMY2y5hfcg8C6wLqdjK
FGfkutWHjDoFE568qEMNUBEuaUzdvvQ5fFPJJkofFmcf
jj3kKt3YbkrDDmrtFLA4SV3hirQ6oBZP9qkbkj6f8i4
FGSUqUDAK6FivNyFFDd77XXM8nVwQD4SG7WL4wVa4Kri
7bWVfF89YxL8fUDdzgkz1dWMrNdSeEckZw9soreawV2p
EpNh6Jz5unezE1vZFXiPtXfaCJ1SdyGBfMLA71TJsoNx
8BV52WBLiCfkJwFtK3yDQm9H5h7MUxGKSTKtjv4ApT6S
61J8okt89qT3KabxeiDWMNKKLtFdDuyzPoetwM7spK2g
DeQDKoAuR1BYvspX8dHehyua3VRuCmD2zbEvZ97NLjas
Aarh6JQhjZGyP52qjNjQiHBUDfCcCqKsCPL83kvJ1gnL
2rE99aZ2GFv631NsrSWksW3JFFVrC5zu5r7mWcieoxig
8WVg22eGLic9CUvWsT9Yke8UvLMd1AqYNbKuvnZQUJAz
DBh1P1TM1UkqB369DaiKgTamTnCTJN3T8NDTYC8E4ZWM
E6WErHssz4reQcBUQWED7cugpdV6HR1oqqLyxpbe9W53
B9czfo18wLvU5ZgGXD5fp5aq3nsLSysDfi4qqWqD13y8
APY2cyRH37waVbyF6itTFnwVHHih1LqGWyZ2mDeo5vdC
3VnYUv4Zxem6iAwfQsgvDEzAXjdHQwdReDV75F8Yr3yK
AP991QNHBFBnQFSJpmYSRSgqyLizZExC4emrdht41bdV
ELMsUaWKx2chRcr9bh9SRwvEKd1ha9GFhMPjN7XecvG8
4YBVboBiod44VbgLYce8orcqQCnJwiC792MNmyejWD6W
Lk7pqn7LgUTuR4oxVmefQXU3xeaNLqKYRBZ9DuS3kSf
Huc24u5SaN7Bpvn48dFpWMsES2xeyTdHJutMyPz6H65H
Hm66RWq8CXDxw4MuGdW2dkQHQ8jDqtDN4JaKTE2WSKBa
6qqG6UbgP5as8wNDCsSyHtu8HkRupyija8fwATukyQ22
4q1nXZsUaLbaTVsquHK157gYrsnDjG2tyDxdTP6u39Pr
4NDaXjZCAku5pD8vPV5PpWyuXdBJi3heDqy2RAJo98uE
CCnhixGD2nqdjS5sh7rhHBgYYnFRnnCgeefJ83jLrTeg
DdvZtw6sR9npxKyJBPV4dcwNbFdqeeRpLdHHWd3VTdy5
HPcxNHSo7TtX4ix6wsBWRkZYNNUajtkeGmxCmc5LbR7h
BAzy77bp9vc72M2KQ1XGLGNTM65Zwjkz7hqVH1EMiDDS
2ppgm9UnXFB7VuN9q6Esau6B2oPQA8kzPzfwAuSNvtDg
3R495iEwN4zSkenpjfDtJDsCMqahJMxMQd36cndKTqLW
63bz8PU2QgpHsYvCxwKZa3LudntfU5y5osSQ1CgPfMZH
6GyK6SRjZGQFcADR9VTTCM4e46RSjo2z1yAZtczmCtLb
GjGCRVCY1YKbPAXtpPoA3tPBajZqFuqiFMkBwotR9a37
BuyFnxciv7pDCttWG17L5JdwB7UA4UDk4XyeWgbrCeYp
FwaJ9APYBhj5ASxwQz74B1jR99vEDqbLhGbMWdVgqNB6
E4LUmRKYAqhCjpRwNJGSfcbfb1xhhL6HScT4hSLHXKPP
8jBpaebJM67U5KGECQsMRrRAmi8VWHxviWmQHpr2CioF
8zgJXxyzgmiF8f7VikDvX2pdaP8kQ4EpF83eDbnwzoZy
5JRHAxDzXRfB5r4TcFBky3psVAT5wZrSedEPw5hQRjao
XBs2F7b8ygfTiusiWVT3kL4zK5MAiZ9VjZ8jzyTfxxo
EWXxYTGBrkDumQapyfuBBdDCqfNpeZtKXEMb1soFMZ5e
2w1ja1GiNyD1zVbypZxjijepioeye2AW1EpEaUTYvvY2
QPwfaSCruGoo1iu3hbwm3hauCnWT1iYnZCjyCBtLXLC
GUpbMXttQrNtgpAjQhZ4Kf9Lk8mNCuDPP3fn75vQUm4n
AV8yyaUNgS354QQ9Cdh3PKN66xkjtY4xVPh7mZqz62wC
AWqnvWEkTkoAjxgm5tsb8n9AELgSDzgKBwjU2ALFLJHE
4NuoqS3Z471uUekgvRzHNcyyFqVktn7XHpCdyJbjN8TX
C7yjHCZAGMaVj5VvUy1X7uQk3NJzNqGVT5hTpHs55zmD
5ZynGPTwhc6LfmL3Gwkv1eQq9cRcjvx7jaNbkP9piNWy
6RrQeGGSDYKjXG7UYCH7kkk9Bs3JYvRzseGLe31ADzqK
4vjH15v8DU3tYZRXJNG9wyrDNgFcVHA7WxoQYTUN25mL
2kGK8xgPwah55rbUiEGgePDFkc7rZk11ibosk2J8sChw
HnWVpqoFb1LsRLbKwviuHguYDVRx4j1VhEPXpsXG7WPL
FQirrn1yLRGY83FwHt2ChEc6AMi5AxyJuo4Ldo5Nkwj2
7JFybf4BKpA3shu4oVCzhTeSzJ2vLwopatLtkkZodz9D
4PBffK7843DMrWDZjmw1GRxT56nrnDVEARtUgtx5wQR2
995tSi6cJWXharZobDj36osewDoJvABmfj8zHquCzyyZ
J4vD8BSe9SYr3AVN3j2s1wBW3cm4WXfGyJ5vBUs8CXxw
DUURrnvNCHmXvn1JNRW75YTmRwLZVVq2g89ToQ5eyNFg
CRAuKV2Q1R7qpfAysB6WT5kd1K4rDHBShiTsEezqb2DL
4uHBn1NB6s9BwBf177bAdjAPYYEbytBkQyt42ZUeHE9q
7Qc8mEgjUmDXigwVrHK4joS6su9TFHPRsnX4apHESC13
Doq9eXuBjtwxA1CkN7j6PDoTWHmNZS7o1UWH8fcKePLV